0.02479
0.065
0.08681
0.12488
0.17136
0.20155
0.23752
0.2904
0.33434
0.39393
0.48106
0.58902
0.66935
0.73722
0.7789
0.82861
0.85755
0.85504
0.79679
0.72688
0.63237
0.53694
0.4227
0.3007
0.18546
0.09069
0.01128
-0.0549
-0.10763
-0.14061
-0.15038
-0.14205
-0.13072
-0.11912
-0.10985
-0.10037
-0.08912
-0.08278
-0.07869
-0.06411
-0.05058
-0.03504
-0.00957
0.012
0.04252
0.08324
0.14316
0.21494
0.28835
0.38251
0.50504
0.64568
0.76518
0.86568
0.90864
0.92916
0.90559
0.88108
0.81235
0.6992
0.55813
0.40825
0.24777
0.11178
-0.00658
-0.10793
-0.19115
-0.24125
-0.27312
-0.27825
-0.26723
-0.25099
-0.23585
-0.22342
-0.20166
-0.17378
-0.15962
-0.14549
-0.13269
-0.12014
-0.11465
-0.11726
-0.10512
-0.10502
-0.11327
-0.08826
-0.05934
-0.01434
0.05345
0.13909
0.17292
0.16393
0.15868
0.12917
0.1001
0.02005
-0.082
-0.19464
-0.27973
-0.36917
-0.43542
-0.49573
-0.50211
-0.48438
-0.44676
-0.41062
-0.35435
-0.29766
-0.23118
-0.16442
-0.13832
-0.13515
-0.15406
-0.15565
-0.15669
-0.14455
-0.13491
-0.11453
-0.09958
-0.08308
-0.06052
-0.03088
-0.00537
0.03858
0.08325
0.15195
0.21283
0.29384
0.36793
0.38985
0.35208
0.21915
0.08091
-0.0793
-0.20958
-0.35744
-0.4723
-0.6174
-0.72896
-0.76841
-0.75312
-0.69275
-0.58823
-0.4826
-0.37397
-0.27331
-0.18148
-0.09699
-0.03999
-0.01046
-0.01147
-0.01398
-0.02966
-0.02722
-0.01875
-0.01245
0.01286
0.04162
0.07662
0.09982
0.11601
0.12431
0.14457
0.18697
0.25857
0.3337
0.3987
0.40418
0.35764
0.22753
0.09198
-0.06307
-0.2237
-0.35711
-0.48604
-0.58799
-0.64721
-0.66301
-0.63939
-0.56609
-0.4641
-0.33569
-0.21885
-0.11501
-0.0357
0.02316
0.0613
0.0884
0.0925
0.07682
0.07347
0.07943
0.10893
0.13734
0.17529
0.20463
0.22685
0.23813
0.25189
0.25043
0.24192
0.2369
0.23854
0.251
0.26971
0.25122
0.20634
0.09841
-0.03815
-0.17892
-0.32243
-0.39889
-0.45994
-0.4811
-0.47872
-0.443
-0.39358
-0.30517
-0.19742
-0.10405
-0.03202
0.02311
0.06435
0.09419
0.11984
0.13895
0.15073
0.14431
0.14757
0.15699
0.17684
0.19262
0.21776
0.22599
0.2197
0.2123
0.20077
0.17995
0.15501
0.13811
0.11181
0.09742
0.0833
0.056
0.01674
-0.04446
-0.11833
-0.18646
-0.23064
-0.25802
-0.28187
-0.27134
-0.25091
-0.21926
-0.16336
-0.08959
-0.01325
0.05102
0.10493
0.12144
0.11688
0.10017
0.07454
0.06094
0.06355
0.085
0.10357
0.12212
0.14297
0.16242
0.17311
0.17239
0.1681
0.145
0.11343
0.07866
0.05241
0.02538
8.3E-4
-0.01799
-0.03209
-0.05377
-0.07526
-0.09376
-0.0897
-0.06572
-0.03722
0.00596
0.04233
0.07741
0.10247
0.10989
0.10212
0.08888
0.09374
0.10059
0.11163
0.11318
0.0986
0.06716
0.02361
-0.01932
-0.06903
-0.10532
-0.12017
-0.11569
-0.09676
-0.07501
-0.05211
-0.03227
-0.015
-0.00359
0.01298
0.02788
0.04452
0.0512
0.04935
0.04049
0.01762
-0.0018
-0.02717
-0.04941
-0.0564
-0.03671
-0.00584
0.02251
0.05624
0.08118
0.08484
0.06732
0.0507
0.01962
-1.4E-4
-0.00672
-0.01623
-0.01532
-0.02217
-0.02681
-0.03925
-0.0626
-0.08189
-0.10872
-0.12967
-0.1353
-0.13134
-0.12138
-0.11012
-0.09918
-0.09741
-0.10032
-0.08953
-0.06847
-0.04113
-0.00717
0.02882
0.04824
0.05771
0.06067
0.05638
0.05525
0.06412
0.10807
0.17254
0.21023
0.21384
0.17412
0.10512
-1.5E-4
-0.10232
-0.1942
-0.26818
-0.30037
-0.29659
-0.27251
-0.25286
-0.2342
-0.22678
-0.23075
-0.22302
-0.2088
-0.1711
-0.12168
-0.05587
0.00789
0.05686
0.0885
0.09919
0.08923
0.06809
0.0472
0.03774
0.04246
0.05101
0.05341
0.05111
0.04224
0.03165
0.03729
0.07125
0.15248
0.26136
0.35794
0.42537
0.41993
0.3375
0.20677
0.05016
-0.11875
-0.25522
-0.32816
-0.35803
-0.34991
-0.32973
-0.31892
-0.32553
-0.35386
-0.37939
-0.39412
-0.37839
-0.31268
-0.22226
-0.11394
-0.00474
0.07504
0.12473
0.14076
0.14196
0.13942
0.14288
0.15916
0.17049
0.17594
0.16383
0.13791
0.11817
0.12932
0.18668
0.2695
0.3607
0.44098
0.4802
0.43308
0.30518
0.1356
-0.07948
-0.27123
-0.4108
-0.47988
-0.49188
-0.46634
-0.41216
-0.3863
-0.3788
-0.38996
-0.41397
-0.41207
-0.37812
-0.30109
-0.19819
-0.07711
0.03165
0.11761
0.16872
0.19634
0.20143
0.20305
0.21168
0.2248
0.23882
0.24146
0.2318
0.21927
0.23995
0.30114
0.36466
0.44199
0.5059
0.52876
0.47552
0.33557
0.13717
-0.09605
-0.3114
-0.4802
-0.57587
-0.60521
-0.59214
-0.53878
-0.49962
-0.46992
-0.46031
-0.46034
-0.44365
-0.4007
-0.31754
-0.19618
-0.0621
0.07089
0.17631
0.23995
0.27798
0.28698
0.28135
0.27972
0.26841
0.26497
0.25683
0.24829
0.25742
0.29736
0.36402
0.42791
0.48762
0.53377
0.52655
0.45144
0.30233
0.08955
-0.13231
-0.33416
-0.49085
-0.57674
-0.60876
-0.59584
-0.55224
-0.5126
-0.48634
-0.47222
-0.47028
-0.44649
-0.39941
-0.31252
-0.19773
-0.07631
0.0543
0.16212
0.24139
0.29489
0.3199
0.33178
0.34183
0.33364
0.32195
0.29596
0.27108
0.26912
0.30076
0.35605
0.41242
0.46827
0.50705
0.49137
0.39891
0.23793
0.0291
-0.187
-0.3807
-0.52207
-0.58847
-0.60869
-0.58714
-0.53905
-0.50495
-0.47328
-0.45724
-0.44145
-0.40313
-0.34506
-0.24829
-0.1372
-0.0171
0.10029
0.1916
0.2541
0.29889
0.31695
0.33096
0.33582
0.32373
0.30978
0.27676
0.24248
0.21532
0.20149
0.21644
0.22044
0.23698
0.25663
0.23627
0.16695
0.06483
-0.06204
-0.17895
-0.28362
-0.35764
-0.38618
-0.39666
-0.36354
-0.3305
-0.32124
-0.31433
-0.32482
-0.32814
-0.30908
-0.26906
-0.20228
-0.11518
-0.03134
0.05372
0.10909
0.1434
0.16579
0.16875
0.17959
0.18543
0.18196
0.17852
0.16525
0.14337
0.12165
0.10576
0.11912
0.13974
0.16852
0.2153
0.22256
0.1796
0.12137
0.0455
-0.0405
-0.11263
-0.16344
-0.19115
-0.20145
-0.18984
-0.18253
-0.19138
-0.21505
-0.24207
-0.26925
-0.28044
-0.26599
-0.23684
-0.19227
-0.13793
-0.08579
-0.04657
-0.01218
0.01795
0.0507
0.08373
0.11892
0.15261
0.17165
0.17696
0.16842
0.14591
0.13358
0.14494
0.17862
0.21622
0.24546
0.27141
0.26154
0.22122
0.19675
0.14576
0.07768
0.02518
-0.03911
-0.10734
-0.16001
-0.22823
-0.29443
-0.35406
-0.40341
-0.42259
-0.42786
-0.40439
-0.35323
-0.30548
-0.24264
-0.17506
-0.12137
-0.05712
-0.00287
0.04418
0.10325
0.15559
0.20517
0.24334
0.25291
0.2544
0.23923
0.21648
0.20744
0.19973
0.20779
0.23229
0.2352
0.23232
0.20658
0.1691
0.13817
0.08013
0.0163
-0.03946
-0.11361
-0.18052
-0.2419
-0.31437
-0.36894
-0.41264
-0.44066
-0.4326
-0.40742
-0.35928
-0.29344
-0.2286
-0.15634
-0.08218
-0.01479
0.05759
0.11993
0.17378
0.22952
0.27149
0.29931
0.30882
0.29238
0.26199
0.22048
0.17569
0.13895
0.1076
0.0817
0.07053
0.06369
0.04938
0.01428
-0.00882
-0.02987
-0.06562
-0.08369
-0.09916
-0.13368
-0.15758
-0.17978
-0.20803
-0.22323
-0.23493
-0.2358
-0.21912
-0.18993
-0.14482
-0.10035
-0.05999
-0.01473
0.02201
0.05569
0.09432
0.12505
0.15359
0.17921
0.19317
0.20179
0.19834
0.17935
0.15491
0.12294
0.09256
0.06965
0.04874
0.02972
0.01113
-0.01135
-0.0341
-0.06446
-0.09887
-0.11619
-0.1418
-0.16274
-0.16538
-0.17847
-0.18916
-0.1779
-0.17221
-0.16167
-0.14054
-0.11851
-0.08183
-0.0427
-0.00359
0.0394
0.07163
0.10203
0.13035
0.14481
0.1604
0.17207
0.16854
0.16643
0.15527
0.13566
0.11525
0.08669
0.05821
0.03212
0.00732
-0.00651
-0.01999
-0.03381
-0.04029
-0.05333
-0.06719
-0.07869
-0.10455
-0.13962
-0.17295
-0.2009
-0.22952
-0.24954
-0.26045
-0.26406
-0.25946
-0.23435
-0.19458
-0.14507
-0.08105
-0.00965
0.06147
0.13154
0.19548
0.24906
0.29178
0.32399
0.34689
0.35598
0.35084
0.33274
0.29904
0.25069
0.19417
0.13012
0.06165
-8.5E-4
-0.05673
-0.10351
-0.13725
-0.15776
-0.1662
-0.16427
-0.15681
-0.14159
-0.12366
-0.10911
-0.10019
-0.09978
-0.11122
-0.13276
-0.15672
-0.18563
-0.22213
-0.25123
-0.27206
-0.28975
-0.28954
-0.26942
-0.23521
-0.17901
-0.11207
-0.02956
0.06317
0.14902
0.23967
0.3191
0.38217
0.43142
0.45971
0.46822
0.45618
0.42111
0.37113
0.30658
0.22951
0.1467
0.06284
-0.02003
-0.0967
-0.16602
-0.21921
-0.25816
-0.28382
-0.2901
-0.2832
-0.26959
-0.23994
-0.20715
-0.23532
-0.20046
-0.1639
-0.15003
-0.13646
-0.14113
-0.14304
-0.15445
-0.17883
-0.19606
-0.23582
-0.27455
-0.28815
-0.28559
-0.26771
-0.23213
-0.1739
-0.08991
-0.00675
0.08832
0.18656
0.27529
0.35593
0.43067
0.48583
0.51431
0.51673
0.49632
0.45668
0.39636
0.31377
0.21526
0.10459
-0.01023
-0.12156
-0.22276
-0.30409
-0.36339
-0.40469
-0.42477
-0.4207
-0.40203
-0.37166
-0.33465
-0.28944
-0.2253
-0.15824
-0.08808
-0.03054
0.00975
0.03588
0.04456
0.05449
0.08269
0.13506
0.24469
0.29917
0.33714
0.32743
0.28052
0.25944
0.23293
0.21059
0.17868
0.0916
0.00639
-0.03662
-0.0551
-0.02115
-6.8E-4
-0.01156
-0.02895
-0.04766
-0.05822
-0.0517
-0.08435
-0.12811
-0.1929
-0.24568
-0.26374
-0.18469
-0.15888
-0.12754
-0.09352
-0.05541
-0.0205
-0.02344
-0.04156
-0.09268
-0.14469
-0.16917
-0.18148
-0.18548
-0.18593
-0.17222
-0.11024
-0.03031
0.1459
0.40419
0.52805
0.58758
0.52103
0.40076
0.31564
0.20128
0.06494
-0.07442
-0.26495
-0.35872
-0.35912
-0.30325
-0.18815
-0.12099
-0.10275
-0.07667
-0.06598
-0.05187
-0.04868
-0.11001
-0.16393
-0.2086
-0.18342
-0.08476
0.03229
0.12547
0.18246
0.19019
0.18181
0.12503
0.06053
-0.05406
-0.2049
-0.37157
-0.50376
-0.63166
-0.77007
-0.84263
-0.83027
-0.6417
-0.31169
0.01132
0.24632
0.36156
0.37011
0.41658
0.46838
0.48475
0.4361
0.29152
0.15479
0.12452
0.17704
0.25303
0.30367
0.25633
0.20348
0.13281
0.08805
0.02435
-0.07936
-0.22081
-0.31576
-0.35764
-0.28651
-0.18579
-0.06894
0.04367
0.14159
0.24711
0.32165
0.35516
0.32417
0.23105
0.11528
0.00305
-0.12096
-0.24047
-0.45859
-0.72069
-0.81653
-0.74404
-0.46646
-0.13963
0.04113
0.13466
0.16445
0.21221
0.35946
0.44006
0.4251
0.33667
0.20711
0.19222
0.29247
0.38312
0.44314
0.39699
0.31382
0.27167
0.22279
0.16434
0.0424
-0.14316
-0.27855
-0.33306
-0.29012
-0.18324
-0.08891
0.00335
0.06266
0.13693
0.23195
0.31401
0.29754
0.23315
0.1438
0.08302
0.00705
-0.1563
-0.41461
-0.67157
-0.80603
-0.75665
-0.47475
-0.14254
0.08153
0.16928
0.20664
0.24924
0.36414
0.40387
0.35702
0.25301
0.13672
0.14256
0.23318
0.34447
0.4231
0.41915
0.36399
0.31967
0.24983
0.15266
-0.00833
-0.20312
-0.35225
-0.40457
-0.36422
-0.24981
-0.13411
-0.02735
0.07847
0.17698
0.25561
0.28701
0.26057
0.18404
0.10191
0.01902
-0.0668
-0.23281
-0.46828
-0.69761
-0.80583
-0.75268
-0.54236
-0.24192
0.07172
0.24717
0.34375
0.3799
0.39083
0.40445
0.34151
0.26569
0.18455
0.16615
0.22053
0.33517
0.42934
0.49454
0.47197
0.40703
0.28716
0.13844
-0.05596
-0.24857
-0.42111
-0.48697
-0.45722
-0.33167
-0.1598
0.00409
0.15646
0.27858
0.35566
0.37522
0.33004
0.23247
0.12461
0.01052
-0.08908
-0.21339
-0.43142
-0.67178
-0.80464
-0.78397
-0.64108
-0.4272
-0.24104
0.01731
0.23014
0.37054
0.46795
0.42531
0.38191
0.3253
0.27532
0.27635
0.30322
0.34144
0.42772
0.48023
0.5016
0.47235
0.35151
0.17661
-0.02903
-0.25248
-0.41897
-0.53676
-0.56444
-0.49291
-0.35068
-0.15181
0.0443
0.20688
0.31188
0.36194
0.35115
0.29253
0.19062
0.06607
-0.05182
-0.16958
-0.29303
-0.47843
-0.71535
-0.82349
-0.82743
-0.70984
-0.54032
-0.40344
-0.19986
0.06637
0.2816
0.44619
0.48255
0.4307
0.40609
0.38159
0.40713
0.44389
0.43909
0.44039
0.45631
0.44474
0.43852
0.32662
0.15441
-0.06323
-0.2765
-0.43506
-0.52082
-0.55597
-0.51239
-0.41302
-0.25209
-0.05227
0.13661
0.28612
0.35993
0.37078
0.3452
0.26207
0.16493
0.02987
-0.11491
-0.25451
-0.41362
-0.637
-0.79724
-0.85592
-0.81363
-0.66846
-0.55623
-0.40718
-0.18403
0.12297
0.37909
0.53784
0.54319
0.50225
0.48718
0.49795
0.52907
0.53732
0.4901
0.45733
0.44344
0.42279
0.37
0.22223
0.01938
-0.19539
-0.36595
-0.47331
-0.5131
-0.53162
-0.48958
-0.38046
-0.19582
0.03072
0.22818
0.34526
0.39112
0.38472
0.35924
0.29332
0.18221
0.03248
-0.13888
-0.30995
-0.50552
-0.73816
-0.87238
-0.91287
-0.84482
-0.70812
-0.57747
-0.4107
-0.15445
0.14888
0.39895
0.53449
0.54814
0.55874
0.56269
0.59425
0.60601
0.58388
0.51526
0.4662
0.41924
0.3812
0.29543
0.138
-0.06441
-0.25863
-0.40205
-0.49423
-0.53612
-0.53896
-0.48341
-0.34327
-0.14774
0.07146
0.25454
0.36239
0.4179
0.43286
0.40481
0.33219
0.19465
0.02839
-0.14084
-0.30918
-0.50651
-0.74688
-0.88691
-0.93046
-0.86777
-0.73022
-0.59856
-0.42309
-0.17177
0.11919
0.3915
0.56403
0.60918
0.64336
0.65965
0.69394
0.70499
0.65384
0.56011
0.47458
0.39115
0.32476
0.22237
0.06796
-0.11791
-0.29697
-0.43224
-0.50315
-0.53836
-0.53048
-0.47518
-0.35694
-0.17133
0.03134
0.21387
0.34613
0.42615
0.46598
0.46385
0.40285
0.28657
0.12336
-0.05466
-0.24447
-0.48894
-0.74838
-0.90522
-0.96228
-0.91172
-0.82435
-0.71034
-0.54637
-0.30643
0.00208
0.30153
0.49994
0.61721
0.68775
0.74792
0.7962
0.80969
0.7573
0.65199
0.53576
0.42943
0.32317
0.2011
0.03967
-0.15756
-0.34426
-0.48247
-0.5623
-0.5935
-0.58991
-0.53899
-0.42943
-0.27022
-0.08159
0.09582
0.23523
0.33563
0.40173
0.4364
0.42804
0.36603
0.24635
0.09016
-0.09653
-0.3345
-0.58494
-0.7739
-0.88525
-0.89729
-0.87059
-0.80314
-0.68754
-0.50987
-0.26
-3.5E-4
0.21065
0.38146
0.52124
0.64875
0.75926
0.83656
0.85424
0.81747
0.74955
0.66928
0.57098
0.4452
0.27968
0.07937
-0.1217
-0.29217
-0.42884
-0.52719
-0.58189
-0.58631
-0.53538
-0.43108
-0.29267
-0.14644
-0.01218
0.10823
0.21094
0.28367
0.32304
0.31771
0.27036
0.18804
0.07457
-0.08761
-0.29596
-0.47947
-0.60786
-0.67722
-0.70917
-0.71953
-0.67305
-0.5756
-0.41175
-0.21858
-0.03298
0.15399
0.33674
0.48762
0.64371
0.76338
0.83848
0.8649
0.85063
0.80622
0.73583
0.62141
0.4822
0.308
0.12164
-0.05495
-0.22036
-0.36328
-0.46761
-0.55191
-0.58171
-0.56349
-0.50273
-0.40567
-0.29313
-0.17113
-0.04692
0.06275
0.15992
0.22907
0.25592
0.25025
0.21133
0.13658
0.02056
-0.10499
-0.2216
-0.32154
-0.40552
-0.46952
-0.49845
-0.48323
-0.40976
-0.31298
-0.19406
-0.04962
0.09499
0.23158
0.3703
0.48718
0.57102
0.6234
0.64914
0.64193
0.60029
0.52675
0.43305
0.31404
0.19067
0.06417
-0.06165
-0.17343
-0.26771
-0.34174
-0.38408
-0.40066
-0.38768
-0.35521
-0.30692
-0.24205
-0.17409
-0.10485
-0.02909
0.03051
0.07644
0.10573
0.10663
0.09038
0.04248
-0.02119
-0.0863
-0.17302
-0.25979
-0.32643
-0.38766
-0.40005
-0.36604
-0.32056
-0.24951
-0.15054
-0.03952
0.08628
0.21067
0.32313
0.41719
0.48235
0.53597
0.56648
0.56509
0.54231
0.48395
0.39468
0.30046
0.19163
0.07677
-0.03433
-0.13992
-0.23069
-0.29987
-0.34524
-0.36064
-0.36158
-0.34624
-0.30992
-0.26166
-0.20516
-0.13747
-0.07631
-0.02836
0.00187
0.01602
0.01067
-0.02153
-0.05818
-0.10906
-0.18157
-0.24663
-0.29795
-0.33599
-0.33833
-0.2973
-0.24281
-0.17769
-0.07985
0.03679
0.15901
0.28329
0.39436
0.47005
0.52435
0.56435
0.5815
0.56817
0.52531
0.45455
0.3605
0.25315
0.14528
0.03309
-0.07807
-0.17586
-0.26
-0.32432
-0.35934
-0.37311
-0.3697
-0.34776
-0.31369
-0.26814
-0.21281
-0.14955
-0.08932
-0.04542
-0.01623
0.00131
-0.00682
-0.04056
-0.07973
-0.13288
-0.20379
-0.27066
-0.32319
-0.36173
-0.3647
-0.33344
-0.27013
-0.20149
-0.10927
0.00762
0.13501
0.2656
0.3854
0.46505
0.52673
0.57274
0.59376
0.58816
0.55384
0.48619
0.39077
0.27747
0.17157
0.06385
-0.04904
-0.15015
-0.24027
-0.31433
-0.35892
-0.37734
-0.37397
-0.35672
-0.32917
-0.28509
-0.22966
-0.16431
-0.10345
-0.05486
-0.01546
0.00569
0.00571
-0.01713
-0.05608
-0.09918
-0.1628
-0.23117
-0.2847
-0.33105
-0.34909
-0.33001
-0.28044
-0.21241
-0.13744
-0.0307
0.09309
0.21096
0.33751
0.44145
0.51251
0.56719
0.59667
0.60417
0.5861
0.52691
0.44463
0.3423
0.2275
0.11691
0.00142
-0.10562
-0.19971
-0.28752
-0.34576
-0.37263
-0.38103
-0.36701
-0.33921
-0.29572
-0.23626
-0.17245
-0.10896
-0.05406
-0.0112
0.01769
0.02344
0.00462
-0.04059
-0.08852
-0.14811
-0.21893
-0.28387
-0.3394
-0.37402
-0.37001
-0.3396
-0.27709
-0.20344
-0.11681
-2.0E-4
0.12286
0.24989
0.38197
0.47689
0.54696
0.59533
0.61125
0.60894
0.57511
0.50524
0.41251
0.29582
0.17911
0.06322
-0.05834
-0.16587
-0.26383
-0.34111
-0.38712
-0.41207
-0.41157
-0.38946
-0.35625
-0.30298
-0.23992
-0.1763
-0.11189
-0.06064
-0.02515
-0.00519
-0.00728
-0.03387
-0.07625
-0.12058
-0.18271
-0.24927
-0.30329
-0.34891
-0.36796
-0.34909
-0.29646
-0.22875
-0.15296
-0.04998
0.07819
0.19938
0.32873
0.45106
0.52637
0.57687
0.58509
0.56855
0.52791
0.46468
0.38002
0.28408
0.16576
0.04981
-0.07199
-0.18522
-0.27973
-0.3471
-0.38431
-0.39957
-0.39705
-0.36632
-0.31902
-0.2477
-0.15391
-0.06449
0.00214
0.04746
0.05904
0.06222
0.04144
-0.00184
-0.07315
-0.16369
-0.25134
-0.34659
-0.41959
-0.45105
-0.4536
-0.39833
-0.26133
-0.11246
0.02906
0.13836
0.21266
0.30278
0.3614
0.44357
0.49778
0.50712
0.49431
0.45766
0.40113
0.35632
0.28942
0.21518
0.1174
-7.5E-4
-0.1154
-0.23591
-0.32515
-0.37048
-0.386
-0.36413
-0.31443
-0.25226
-0.1724
-0.08671
0.00793
0.08699
0.13531
0.14245
0.10695
0.02963
-0.05978
-0.16048
-0.26578
-0.35957
-0.43985
-0.50933
-0.56646
-0.57643
-0.55896
-0.50854
-0.39673
-0.21462
0.02119
0.22403
0.39507
0.47985
0.54619
0.57225
0.61824
0.66252
0.67124
0.65141
0.58271
0.47651
0.3505
0.22217
0.09388
-0.03748
-0.17861
-0.31849
-0.45422
-0.55679
-0.58231
-0.54867
-0.44228
-0.31007
-0.17003
-0.04222
0.06677
0.17192
0.25532
0.29593
0.29075
0.2115
0.07478
-0.09982
-0.33483
-0.53329
-0.6817
-0.76139
-0.77229
-0.77724
-0.72249
-0.65954
-0.54503
-0.34731
-0.06797
0.21195
0.4649
0.62153
0.69648
0.73713
0.74337
0.78109
0.80399
0.81001
0.76236
0.6318
0.46409
0.2547
0.04897
-0.13545
-0.30811
-0.45656
-0.5914
-0.69769
-0.74243
-0.7049
-0.58532
-0.38804
-0.16937
0.04559
0.21568
0.33715
0.41856
0.44395
0.42742
0.35401
0.22389
0.05329
-0.15393
-0.40401
-0.65876
-0.8428
-0.94374
-0.93855
-0.89371
-0.79089
-0.6827
-0.55557
-0.34887
-0.07567
0.21594
0.49297
0.68463
0.78479
0.83102
0.80963
0.82363
0.82135
0.81209
0.77261
0.64064
0.45325
0.19391
-0.07274
-0.31286
-0.50071
-0.61299
-0.68323
-0.71674
-0.70037
-0.6401
-0.50943
-0.31433
-0.09471
0.12854
0.30142
0.41353
0.46173
0.44202
0.38472
0.28397
0.1481
-0.01052
-0.21728
-0.46838
-0.70646
-0.89448
-0.98809
-0.98106
-0.91367
-0.7795
-0.64254
-0.47405
-0.25256
0.01244
0.29739
0.55824
0.74983
0.86819
0.89907
0.88431
0.86032
0.81022
0.78298
0.71213
0.58308
0.39279
0.12983
-0.13187
-0.38087
-0.55244
-0.64701
-0.68753
-0.66643
-0.61448
-0.52435
-0.38914
-0.21728
-0.01768
0.17824
0.34272
0.45805
0.49206
0.46084
0.37818
0.24928
0.10105
-0.06972
-0.27405
-0.51784
-0.73739
-0.91717
-1.0
-0.98349
-0.89879
-0.72797
-0.55821
-0.33524
-0.08319
0.16609
0.431
0.63714
0.81006
0.90356
0.92437
0.92197
0.85869
0.79339
0.71906
0.61199
0.47784
0.28038
0.0469
-0.2065
-0.43704
-0.59658
-0.68966
-0.70801
-0.65806
-0.5709
-0.44536
-0.29688
-0.13192
0.04775
0.21077
0.36256
0.46329
0.49825
0.47058
0.36573
0.21515
0.03751
-0.15519
-0.3676
-0.59025
-0.77733
-0.92055
-0.97378
-0.95274
-0.84093
-0.6671
-0.45002
-0.17651
0.07327
0.31803
0.5243
0.69103
0.82242
0.8807
0.92006
0.90436
0.85788
0.79131
0.67615
0.54243
0.35943
0.14979
-0.07585
-0.29786
-0.47425
-0.6081
-0.68276
-0.69194
-0.64602
-0.55069
-0.41741
-0.26006
-0.08668
0.08222
0.23321
0.34872
0.41453
0.42483
0.38146
0.28598
0.15175
-0.01414
-0.21535
-0.44068
-0.65667
-0.83536
-0.93651
-0.95733
-0.87809
-0.71456
-0.49822
-0.23435
0.02115
0.25096
0.43831
0.58203
0.69784
0.77893
0.84837
0.87879
0.86352
0.80941
0.70454
0.56049
0.38266
0.19114
-0.0037
-0.19781
-0.36265
-0.50204
-0.61062
-0.67139
-0.67743
-0.62464
-0.50468
-0.33347
-0.14054
0.05203
0.21213
0.33311
0.39847
0.4148
0.39409
0.32526
0.22785
0.08923
-0.09548
-0.32011
-0.55146
-0.75064
-0.88718
-0.93328
-0.8764
-0.72128
-0.50605
-0.26341
-0.03007
0.1703
0.34545
0.4853
0.60455
0.71328
0.80112
0.85143
0.84997
0.79793
0.69245
0.54981
0.38881
0.21875
0.05775
-0.09915
-0.25731
-0.41074
-0.53991
-0.63092
-0.67037
-0.6316
-0.52524
-0.36505
-0.18246
-0.00839
0.1382
0.23485
0.30216
0.3383
0.34657
0.33031
0.25633
0.1375
-0.05116
-0.28485
-0.51553
-0.71751
-0.82748
-0.85211
-0.78298
-0.63239
-0.44839
-0.24158
-0.05021
0.13719
0.30834
0.46104
0.60979
0.71779
0.80085
0.83471
0.81009
0.74528
0.6427
0.52578
0.39429
0.25366
0.09907
-0.0735
-0.25215
-0.42911
-0.57098
-0.66692
-0.69254
-0.64805
-0.55347
-0.40932
-0.26574
-0.11764
0.01706
0.13156
0.2321
0.29661
0.33726
0.32049
0.243
0.11004
-0.08494
-0.29546
-0.50021
-0.6583
-0.74533
-0.75085
-0.6615
-0.52461
-0.35782
-0.17459
-8.6E-4
0.15701
0.3128
0.46125
0.5839
0.67874
0.72084
0.71672
0.67488
0.61403
0.5416
0.45168
0.35456
0.2238
0.06396
-0.10899
-0.27824
-0.42587
-0.5367
-0.57875
-0.57943
-0.54154
-0.46961
-0.38129
-0.26454
-0.13957
-0.00447
0.12333
0.22027
0.28412
0.29256
0.25523
0.17121
0.0335
-0.13165
-0.30207
-0.45538
-0.57137
-0.62262
-0.60189
-0.52901
-0.40955
-0.27443
-0.12647
0.03064
0.19015
0.34244
0.46198
0.55
0.59854
0.6154
0.60819
0.58118
0.53132
0.45982
0.3681
0.25679
0.12186
-0.0143
-0.15455
-0.27671
-0.37694
-0.45142
-0.48678
-0.49102
-0.46185
-0.40488
-0.31917
-0.21781
-0.10808
0.00134
0.09348
0.16579
0.20409
0.20128
0.14869
0.04622
-0.08536
-0.22798
-0.35777
-0.45716
-0.49606
-0.49879
-0.46371
-0.39021
