0.26717
0.73537
0.96338
1.08212
1.16086
1.37956
2.66148
2.76704
2.78742
2.8836
2.89875
3.03144
3.54799
3.96386
4.11509
4.32922
4.57155
5.38308
5.75569
5.95198
6.39362
6.46693
6.46848
6.4685
6.49179
6.82351
6.91368
6.93697
6.97574
7.14269
7.22421
7.33958
7.62223
8.1895
8.19299
8.2244
8.36807
8.56002
8.69633
8.79559
8.80034
9.10432
9.44174
10.22689
10.29755
10.31037
10.57247
10.57334
10.5788
10.7115
11.10853
11.33654
11.36293
11.412
11.4126
11.41735
11.51661
11.60097
12.12462
12.32972
12.61238
12.8645
13.25535
14.628
16.19141
17.34306
17.79789
17.86855
18.18903
18.19873
18.19882
18.21397
18.23035
18.40134
18.99107
19.36971
19.99007
22.27401
22.91785
23.90665
24.26733
24.95129
25.57943
25.59581
25.71118
25.78185
25.89063
26.3724
27.08931
27.57109
27.67987
27.72467
27.83346
27.85674
27.93274
28.31138
28.36265
28.47471
28.4782
28.49586
28.69215
29.52152
29.62078
29.71393
30.0571
30.11528
30.32039
30.71742
31.04914
31.91477
34.65057
36.02322
36.2955
36.52351
36.7331
36.76112
36.77626
37.03837
37.03924
37.05097
37.05184
37.07084
37.13387
37.1368
37.13835
37.21987
37.22074
37.30798
37.31273
37.32242
37.42168
37.42953
37.44468
37.44507
37.44529
37.67802
37.97659
38.22379
38.79106
38.82247
39.27068
39.42192
39.89012
40.01575
40.92778
41.09472
41.1244
41.14079
41.1656
41.22378
41.24145
41.32297
41.35265
41.94997
42.92901
44.74832
45.25081
46.12562
46.51035
47.29549
48.04613
48.1363
48.27261
49.12002
49.69473
49.72112
49.75252
49.75291
49.75766
49.76735
49.85459
49.85752
49.87519
49.87812
50.17134
50.32258
50.5747
50.62161
50.75431
50.76306
50.86862
51.05628
51.09902
51.11298
51.11386
51.11407
51.14548
51.14957
51.16472
51.16882
51.18054
51.34349
51.62093
52.23356
53.00136
53.46285
53.49971
53.64339
53.64348
53.87622
54.40702
54.75018
55.31745
55.38811
55.71419
55.83635
56.02401
56.03574
56.03729
56.30957
56.32723
56.38782
56.61583
57.11832
57.60695
58.34909
59.06599
59.39772
59.62105
60.55198
60.5989
60.63576
60.95624
61.56119
62.93384
63.65911
64.04383
64.08457
64.13148
64.13235
64.16204
64.2327
64.24666
64.24785
64.24823
64.29304
64.29307
64.29549
64.29549
64.37148
64.26331
64.00922
63.79518
63.96965
64.11425
63.94683
62.77046
62.76416
62.81977
63.01681
63.71858
64.18319
64.19029
63.8451
63.96103
64.07298
64.22151
63.81323
63.54618
64.50154
64.36387
64.35864
64.39026
64.68881
65.12702
64.80925
64.91103
64.88813
64.85054
64.6933
64.62816
65.19674
65.51903
65.28919
66.20715
66.56047
66.87162
66.95195
66.81567
66.81259
66.86842
66.56505
66.53706
65.83915
65.86164
66.72363
67.25542
67.31513
67.3099
67.17742
66.78332
66.64846
67.15287
67.1108
67.11429
67.18553
67.08824
67.1873
66.83059
66.6503
66.40642
66.35941
66.15197
64.80734
63.39902
62.48488
62.21347
62.58445
62.5063
62.49816
62.49845
62.48805
62.51044
62.48689
61.96522
61.67382
61.15272
58.87354
58.5176
57.53035
57.16989
56.53947
55.91251
55.9138
55.97765
56.00317
55.89477
55.59642
55.06293
54.59882
54.70874
54.94659
56.0321
56.62918
57.92583
58.09244
58.55771
60.6121
61.74972
62.05813
62.3855
62.25646
62.85753
63.06295
62.78037
62.90142
62.78648
62.44763
62.35823
61.50657
58.86694
57.53503
57.26624
57.03942
56.8307
56.82035
56.83661
57.18714
57.69577
57.68753
57.82297
57.83198
57.85047
58.63268
58.92971
59.19135
59.32679
59.25855
59.37254
59.52579
59.86166
60.2086
60.53662
60.85116
60.90913
60.70278
60.43222
60.33246
60.03747
60.4031
60.65522
60.86466
60.49264
60.44301
59.54067
59.42501
59.4157
59.40174
59.4671
59.69683
59.72608
59.65524
59.67463
59.18936
58.24173
56.48061
56.27133
55.44133
55.07427
54.29067
53.54878
53.73089
53.84178
53.30931
53.57297
54.34927
54.59014
54.71192
54.70913
54.77817
54.69154
54.73341
54.75074
54.94409
54.65632
54.83681
54.63376
54.82918
55.36424
55.4918
56.27029
56.21533
56.72512
58.0723
59.77318
60.64778
60.70952
60.70545
60.73722
60.73322
60.81166
60.68749
60.43974
59.94584
59.35727
58.9773
58.96082
58.86622
58.86673
58.63693
58.11398
57.8732
57.30654
57.25487
56.935
57.23507
57.14057
57.51969
57.61129
57.35667
57.46463
57.83271
57.6047
57.14294
56.67069
56.15656
55.58709
55.29414
55.12434
54.40753
54.37961
54.42711
54.29857
53.69605
52.36025
51.71098
51.32919
51.43589
51.52528
51.52441
51.91059
51.9553
52.3446
52.51035
52.68505
52.67342
52.9109
52.91393
52.92268
52.93983
52.80122
52.60106
52.58952
52.36437
52.43962
52.45137
52.37722
52.27835
52.2078
52.18175
51.58359
51.21428
51.13227
51.87315
52.41752
52.53965
52.92524
53.32468
53.30347
52.18151
52.37307
53.17063
53.67545
53.38562
52.93198
54.17775
55.20171
56.24974
57.00774
57.03304
57.15663
56.55992
55.99374
55.83555
54.96762
54.63197
54.41947
54.64273
54.65909
54.62109
54.93311
55.0085
54.69917
54.65884
54.56591
53.7008
52.96993
53.49908
55.29171
56.30988
56.63303
57.60855
57.36567
58.74287
60.00958
59.9805
60.48803
60.3153
60.22988
60.60832
60.80229
62.26062
63.84379
64.38304
65.1876
65.1552
65.00496
64.86189
64.63855
64.66841
65.16356
65.73352
66.2184
67.19113
68.51888
69.38167
70.67823
70.96139
70.67435
70.68453
70.70331
70.85937
71.78912
71.83203
71.73716
71.67239
71.67319
71.49762
71.31965
71.34473
71.2414
71.43372
70.58258
70.06778
69.53349
69.57044
69.45093
67.37465
66.24869
65.9323
65.48739
64.87722
64.6451
64.66145
64.64568
64.57851
64.52711
64.51584
64.28524
64.3182
64.22611
64.53433
65.23943
65.57567
65.60118
65.59052
65.6173
65.08902
64.58498
64.5817
64.57453
64.75611
64.68632
65.22807
65.15283
64.83605
64.72776
64.80802
64.68949
64.55624
64.16386
63.83388
63.77337
64.63131
64.65186
64.97442
64.95186
64.8376
64.75727
64.4658
63.78061
63.4531
63.55321
63.47724
63.4754
63.45051
63.60521
63.61348
63.60483
63.33872
63.42812
63.64076
64.17389
64.14057
64.31875
64.52267
64.28298
64.54761
64.77227
64.97583
65.11451
64.84284
64.60632
64.29258
63.53857
62.92783
62.83897
63.26934
63.43837
63.36664
63.44203
64.04899
64.57388
64.38932
64.45194
64.12722
64.08289
63.8964
63.22902
63.09358
62.48182
62.88712
62.46728
61.10653
59.41177
58.55877
58.47532
58.47551
58.43269
58.43669
58.56522
58.52994
58.65534
58.87976
59.21003
60.50117
61.07052
63.45659
64.7603
65.40914
66.3999
66.35335
66.43148
66.71646
67.03633
67.04922
67.57644
67.18907
67.19518
67.44979
67.69079
67.27088
67.27088
67.28142
67.30578
67.10918
67.24965
67.5041
68.48893
70.17467
72.04199
73.16271
73.24304
73.5611
73.61148
73.74961
74.06161
73.91439
73.80137
73.91015
73.54121
73.52201
73.3107
73.14463
72.975
72.94183
72.90943
73.05907
73.87969
74.73657
74.90385
75.05683
75.06837
75.00117
74.734
74.80011
75.29235
75.34324
75.43705
75.1701
75.23058
75.37518
75.85499
76.47439
76.448
76.20489
75.58354
74.83903
74.77796
74.75702
74.67734
73.90487
73.83508
73.82829
73.85362
72.66196
71.57519
70.54073
69.94848
69.91358
70.10534
70.09409
70.44004
70.29581
70.32101
70.34001
70.13454
70.10049
70.5866
70.60442
70.2425
70.20527
70.20714
70.24175
70.24562
70.23712
70.23961
69.69062
67.91291
66.99378
66.69571
65.87424
65.60271
64.27433
63.50603
63.65979
63.83424
64.51567
64.49718
64.11158
63.87888
62.2835
60.55569
60.15536
59.45782
59.63135
59.67691
59.41333
59.70376
59.94463
59.48409
59.09704
59.08288
58.08146
56.91365
56.03428
54.67532
54.42059
54.64305
55.11309
55.56906
55.47152
54.54098
54.5537
55.12909
55.71031
55.76266
55.75677
56.09448
56.41241
56.41241
56.42608
57.35372
58.50789
59.52889
61.09868
62.26506
66.42925
70.21422
72.82752
75.37179
76.54134
77.49232
79.11818
81.32764
82.95609
83.32686
83.30633
83.56689
83.72956
83.77238
83.722
83.02736
82.73269
82.70633
82.76485
82.8358
82.90269
82.95076
82.98372
82.8826
83.05165
83.52855
82.36064
82.1723
82.1692
82.21992
82.28361
82.54549
83.39985
83.58984
83.56912
83.3423
82.17029
82.14284
81.83266
82.05053
82.02085
82.10634
82.35558
82.64986
82.71287
82.8098
82.95721
83.04554
83.03681
82.9005
83.23877
83.20853
83.92885
84.62192
84.52074
84.01728
84.34808
84.13937
83.91044
83.93021
83.63147
83.47638
83.5136
84.25949
84.30795
84.30076
84.32758
84.24943
84.10655
84.77962
84.82441
85.6619
85.94281
85.86703
85.24165
84.69692
84.91792
85.60049
86.4683
87.38501
87.62239
87.68503
87.74969
87.49507
87.15336
87.13272
87.46975
88.3654
89.40211
91.79693
93.58956
94.67459
96.73669
98.55598
99.6936
100.0
99.68165
99.17761
97.81668
97.22734
94.93216
93.70115
93.08624
93.28192
93.24376
93.53164
93.22885
93.082
92.74613
92.1287
92.26889
92.1873
91.99101
91.88649
92.12987
92.12996
92.18424
92.16251
92.1352
91.93452
92.07643
91.47972
89.64538
87.77945
86.57524
86.43209
86.49633
86.81863
86.77145
86.70864
87.63935
88.24421
88.51407
88.56641
88.55458
88.67207
88.83813
88.88175
89.01445
88.82107
88.7129
88.05861
87.11558
86.93202
87.00259
87.00901
87.02851
87.0078
86.93219
86.47661
86.42652
86.42041
86.42107
86.26222
85.9193
85.00853
83.64063
82.85587
82.98818
83.39297
83.39537
83.39847
83.9496
83.9496
83.85654
83.46707
83.9266
83.90217
83.98534
84.01129
84.00083
83.83585
83.98318
83.8027
83.79737
83.46392
83.42915
83.3737
83.41441
83.45086
83.2988
82.8313
82.75879
82.89934
82.98971
83.00289
83.0001
83.072
83.07103
83.39636
83.45801
83.45801
83.36944
83.34142
83.12061
83.16241
83.10777
82.68679
84.06187
85.23729
84.7875
84.73147
84.71536
84.75411
84.69999
84.66277
84.71453
85.13638
84.82841
84.7614
84.74037
84.43443
84.32114
84.28653
84.10508
83.61072
83.5735
83.49673
83.7355
83.84232
83.87721
83.74112
83.27834
82.80348
82.72111
82.73141
82.73962
82.0801
81.53049
81.47699
81.5904
81.74278
81.80433
82.08599
81.97599
82.30576
82.86534
83.84036
84.53935
83.86927
80.21222
76.41407
74.06852
71.45521
70.20094
68.78236
66.84244
64.64876
63.08333
62.67855
63.4286
63.62453
63.45768
63.58176
63.32392
63.31151
63.4357
63.46049
63.41978
63.29685
63.42305
63.62661
63.60412
63.58086
63.21191
62.93287
62.82079
62.79455
62.77671
63.15947
63.28975
63.02961
62.15102
61.98895
62.71012
63.93621
64.39683
64.44481
64.55347
64.37289
64.3694
64.15254
63.79835
63.52209
63.52517
63.24477
63.17886
63.11954
63.10887
63.16936
62.83436
62.8111
62.33107
61.66864
61.78881
61.71068
61.43745
62.01878
61.99435
62.89037
63.29554
64.735
65.95915
66.15496
66.45484
66.54152
66.52419
66.52768
66.52768
65.68401
65.14488
64.23258
63.94477
64.23777
64.96202
66.27377
66.62323
66.27585
67.26041
67.41783
68.05555
68.03129
68.90622
69.30442
69.89328
70.01396
70.35237
70.33376
69.54241
67.13876
65.47154
64.4174
62.81941
61.92253
61.17227
60.71699
61.07689
61.09182
61.15075
61.18177
61.04801
60.99952
61.18136
60.35967
60.4747
60.11778
60.13426
59.9559
59.85752
59.95384
61.19437
61.39083
61.42039
61.81803
61.66517
62.06211
62.41138
63.10929
63.71014
63.68843
63.54652
63.11033
63.09608
63.08852
63.10279
62.97368
62.58934
62.18681
62.0854
62.25551
61.33003
60.70228
60.40799
60.38473
60.39963
60.34729
60.24842
60.26742
60.56984
60.67349
61.05523
61.97957
62.46811
62.60032
62.4652
62.96137
63.28415
63.40616
63.45189
63.40149
63.49956
63.58983
64.14149
64.25381
64.23382
64.22335
64.16652
64.53874
64.40199
64.13003
64.36802
64.37131
63.83472
63.79147
63.84955
63.95424
63.61491
64.55619
64.48094
64.33286
64.41089
64.45373
64.5114
64.36717
64.31417
64.27259
65.2033
65.30915
65.39232
65.72855
65.48465
65.66836
65.98535
66.49385
66.3811
66.39397
66.31766
66.27665
66.39181
66.39181
66.37378
66.35982
66.35883
66.44035
66.4567
66.39939
66.42961
66.59042
65.48964
63.81793
63.94821
64.22386
64.48947
64.55626
64.60288
64.60834
64.39118
63.75631
63.70202
63.69032
63.67639
63.76908
63.62404
63.63335
63.62775
63.6476
63.59576
63.55331
63.25173
63.12705
63.34163
63.4731
64.10587
65.34349
67.39418
67.78675
68.40557
68.81489
68.83909
68.86236
68.78973
68.30204
67.89263
67.5018
67.30239
66.11136
64.62947
62.03259
60.00204
59.86791
60.08213
61.2424
62.6925
64.04395
64.53404
64.88239
65.02519
65.09375
64.92412
64.97755
64.20403
63.76723
63.72488
63.55864
63.90876
64.35542
64.44556
64.63034
64.66611
64.96388
65.74496
65.4879
65.86193
67.28811
67.64504
67.43664
67.42113
67.42634
67.48896
67.5161
67.60152
68.21219
69.59095
70.23719
69.52365
68.3817
67.93302
67.90443
67.82252
67.95486
68.49285
69.45066
71.57325
72.6292
75.65311
76.53361
77.94252
78.73503
78.95603
79.1885
79.20772
79.22245
78.96057
78.79384
78.59632
78.6161
78.50016
77.9738
78.53976
77.66662
77.28575
75.75944
74.29771
73.22897
72.89901
72.80906
72.97345
73.02679
72.97859
73.29185
73.23427
73.67609
73.72727
73.46904
72.71901
71.41111
70.89957
71.25551
69.94867
71.99296
75.88235
81.28814
83.38446
83.19661
82.87966
82.80987
82.27401
82.05773
81.81237
81.91076
81.78574
81.77556
81.3501
80.20987
80.20987
80.52415
80.29452
80.56736
80.67178
80.74593
80.74033
80.75625
81.02618
80.85425
80.73922
80.80019
80.8913
80.90012
80.92726
80.88154
80.58645
80.92487
82.25024
81.74173
82.48988
82.30244
82.02269
82.06498
81.53602
81.96603
82.78259
83.00987
82.98828
83.00027
83.00279
83.14644
83.34234
83.82397
83.99118
83.82107
83.8453
83.8713
83.78716
83.71127
83.63239
83.37772
83.49731
83.43709
83.00219
82.90862
82.59202
81.49553
81.06057
80.93301
80.92377
80.44222
80.14386
80.2886
80.32205
80.30477
80.20844
80.09309
79.54601
79.44649
79.59188
79.59867
79.85963
79.67469
79.96265
79.87102
80.28936
81.25829
81.79488
82.08201
82.20725
82.14945
82.81244
82.31724
82.93336
85.37689
86.45761
87.24218
87.24218
87.46318
87.4459
87.75114
87.72286
87.83605
87.86281
87.45366
87.39688
87.24121
87.13032
86.47467
86.4801
86.72437
86.72604
86.72073
86.74167
86.36981
86.28585
86.28708
86.32646
86.58236
86.89441
87.45342
88.06585
89.07222
89.16453
89.03745
88.67359
88.41423
88.2983
88.70224
88.82931
89.11553
89.11943
89.09517
89.21149
89.36656
89.36692
89.28712
89.30816
89.31613
89.46296
89.5067
89.54768
89.54768
89.58257
89.56832
89.32842
89.11381
88.56442
87.33639
85.25798
84.8711
84.20046
83.84675
84.28316
85.02767
85.14392
85.22624
85.23823
85.43714
85.25878
84.90278
84.69098
84.47676
83.6572
82.97674
82.50262
82.20601
80.49485
79.13846
79.03995
78.69122
78.58631
79.25987
80.02221
80.88549
81.23151
81.7823
82.34918
82.34918
82.87036
82.73708
82.65507
83.06585
83.12401
82.97126
82.28535
82.29078
81.94292
80.5122
80.14597
80.15179
80.16313
80.205
80.66773
80.81507
81.14502
80.60838
79.59079
79.41913
79.5401
79.60524
79.85958
79.98521
80.70483
81.25501
81.55538
81.42103
79.75933
79.64924
76.71374
76.18703
74.72978
73.91214
73.76013
73.47321
73.60698
73.56716
73.92763
74.11936
74.15607
74.45617
74.43601
74.42091
74.16668
74.27561
74.69545
75.34683
75.90196
75.91126
75.99152
76.19198
76.32087
76.31842
76.37573
76.3271
76.55923
76.23535
76.19028
76.27745
76.29322
76.37348
76.8627
76.54515
77.11278
75.45609
70.79872
65.63681
62.77926
62.55147
62.08675
61.92391
61.7979
61.13423
61.12211
61.10437
61.1825
61.17164
61.28789
61.51975
61.46062
61.25219
61.2561
60.98188
60.88831
61.26453
61.89989
62.03838
61.61033
61.96954
62.97026
63.07468
63.19391
63.61934
63.66732
63.89644
63.56651
63.20164
61.8467
61.8429
61.00424
60.79707
61.02525
60.33936
60.3421
59.86694
58.77113
58.54908
58.54741
58.60983
58.62903
58.48731
58.29299
57.95179
57.71915
57.93524
58.05298
58.0336
58.04734
58.04811
58.0984
58.09685
58.22967
58.22967
58.25274
58.27367
58.32061
58.32061
58.27176
58.26497
59.65025
61.16639
61.78132
62.36037
63.16812
64.65816
64.93267
64.89601
65.06978
65.25073
65.27072
65.31499
65.138
65.09031
64.87912
64.84977
64.22303
63.40364
63.08127
62.67862
62.53795
62.49384
61.81425
61.50686
60.89347
58.61802
57.54303
56.75439
56.54967
56.33339
56.34696
56.03552
55.20353
55.03993
55.72388
56.95029
57.16955
57.16235
57.04
57.05228
57.05376
57.06413
57.80217
57.79149
57.67846
57.68428
57.88457
57.89387
57.84567
57.55517
57.2634
56.72533
56.13732
55.13095
54.72267
54.6627
54.73268
54.71414
54.76801
54.4548
54.53431
54.48829
54.8861
55.69066
55.74991
55.80894
55.83657
55.845
55.96124
56.8092
57.19257
57.18983
57.35667
57.28107
57.50042
57.49723
57.45857
57.48416
57.40078
57.39809
57.51828
57.89894
58.12634
58.21047
58.94655
58.1939
58.03491
57.95756
57.98402
57.7896
57.79941
57.80891
57.74147
57.83356
57.88852
58.18842
58.16043
57.6496
57.86595
58.06631
58.19293
58.93485
59.58002
59.01966
58.26156
57.43027
57.08677
56.63371
56.25839
56.92947
56.3606
56.9577
57.40298
57.14924
58.74513
59.52482
59.76485
59.92634
60.0729
60.26897
60.42757
60.45556
60.48881
60.62492
60.09888
59.48472
59.42789
59.5894
59.26352
59.20005
59.13801
59.01726
58.80828
58.75196
57.96768
57.26008
56.64973
55.80068
55.37992
54.43966
54.56143
54.19483
54.17448
54.16624
54.09085
54.41266
54.40081
54.70731
54.61891
54.44463
54.46866
54.58983
54.89359
54.94302
54.92112
54.92112
55.26019
54.73755
54.33277
54.50819
54.54163
54.34098
54.22895
54.65015
55.0142
54.90369
54.91329
54.99774
55.09392
55.21897
55.29876
55.24225
54.68586
54.25704
53.23613
51.76974
51.65161
51.68389
51.50708
51.53325
52.21372
52.234
52.55177
52.99588
54.2021
54.26802
54.43161
54.52971
54.37159
54.33514
54.14709
54.07381
53.93964
53.95749
53.88007
53.98049
54.353
54.28583
54.68674
54.54909
54.91491
55.71887
56.20777
55.99134
56.14808
55.97421
55.21502
55.03908
55.00383
54.85642
54.86948
55.24569
55.2583
55.18695
55.24819
55.3988
55.49689
55.4959
55.48071
55.57689
55.5732
55.66439
55.76481
55.63919
55.64152
55.17806
55.36235
55.35777
55.49125
55.98591
56.45325
56.92058
56.98482
57.4656
58.78058
62.14559
62.18288
62.24298
62.36039
62.49474
61.0167
59.46753
58.92653
58.10145
57.31999
56.40427
57.64139
58.03222
58.61218
58.76468
58.63235
58.79977
59.15125
59.12665
59.10133
59.46518
59.4356
59.26182
59.16799
59.09432
59.11461
59.03602
59.02361
58.90586
58.82909
58.66101
58.61652
58.71946
59.65001
60.7377
60.77958
61.58763
63.43042
65.13138
65.3489
64.12831
64.05539
64.01024
64.10223
64.20459
64.18191
63.94406
63.21366
64.64924
66.25152
67.58785
68.70276
70.32918
71.0369
71.20411
71.18589
71.17922
71.13853
70.94101
70.86637
70.88477
70.808
70.92541
70.85661
70.99205
71.15353
71.42288
71.17086
70.55561
70.55132
70.93452
70.9106
70.92264
70.81214
69.95933
69.65654
70.59894
71.22706
71.68942
71.77048
72.01613
72.02842
72.14241
72.23878
72.50406
72.53699
72.2587
72.60657
73.53527
73.38532
75.29727
76.66992
77.61675
77.59865
78.09746
78.26186
78.20232
78.15586
78.04088
78.02578
77.65683
77.44055
77.08615
76.8546
76.77863
76.49731
75.81821
75.73921
75.60566
75.66927
75.86701
75.9803
76.48713
76.64998
76.05567
75.80565
75.08557
74.88744
74.96904
73.56384
73.51695
73.04429
72.8913
72.87887
72.68261
72.55001
72.89365
73.52626
73.66603
73.85323
73.8478
73.93817
73.8519
73.95113
73.76793
73.69729
73.62932
73.57814
73.46618
73.49848
73.5832
73.97556
74.00609
74.55509
76.33563
77.06456
78.06315
78.80952
79.14345
79.14372
79.69856
79.59474
80.17864
80.17352
80.15624
80.0509
79.61546
79.51216
79.50634
79.29212
79.16853
78.40265
78.36075
78.2464
78.1776
78.18487
78.18572
77.99496
77.52956
77.33066
77.32271
77.15104
76.93682
76.85344
76.60624
76.51248
76.51881
76.52501
76.93443
77.95534
78.05142
78.40987
78.2171
78.36977
78.43653
77.78575
77.79506
77.46879
77.03957
76.31229
76.89013
76.76996
77.4171
78.19267
78.31687
78.47176
78.49602
78.57046
78.53603
78.59746
78.01529
77.0165
76.93944
77.03783
77.98824
77.28798
76.33863
75.62648
75.59119
75.35868
75.31542
75.45173
75.48074
75.64068
75.90782
76.53778
76.23787
75.84683
75.86667
75.79737
75.63258
75.58356
75.64717
75.64717
75.76773
75.82473
76.44848
77.04643
77.36204
78.01139
79.86601
80.36365
81.1906
83.29744
84.16304
85.22561
85.18606
84.85717
84.65645
83.35318
79.96308
79.77649
79.71966
79.85263
79.74433
79.81725
80.2635
80.14769
80.11977
80.05095
79.51124
78.02985
78.13127
78.13987
78.57594
79.31834
79.17563
78.80206
78.84178
78.65773
78.38402
78.38896
78.5425
78.7249
78.76481
78.73678
79.10046
79.06789
79.0615
79.38001
79.70474
79.79113
80.85253
81.98779
81.68227
81.8936
81.29619
79.53782
78.02023
76.97073
77.02511
77.14746
77.85368
77.82569
77.96403
78.31238
78.31238
78.4636
77.49765
75.87246
74.52528
73.22039
71.9254
71.80654
72.59103
72.93708
73.00345
73.06983
73.0454
73.02657
73.05032
73.11388
73.04756
73.04395
72.72737
72.37471
71.86884
71.71821
71.63323
71.9342
73.57639
74.70291
75.00921
75.21081
75.19886
75.12209
75.66711
76.00657
75.64734
75.58683
75.455
75.44105
75.30212
75.21003
75.66302
76.39197
78.9604
79.28638
78.27829
77.20169
75.38996
74.51981
73.80736
74.16504
75.43523
76.38031
77.83141
78.37956
79.41753
79.60012
79.64171
79.54943
79.73246
79.74409
79.61498
79.37965
79.32207
78.7684
78.70035
79.10201
78.84049
78.77303
78.14581
77.95
77.88363
77.79457
77.60459
77.21553
76.83539
76.5411
76.20959
76.18168
76.16859
76.02562
76.04074
76.0198
75.80015
75.99421
76.44763
76.99782
77.62528
78.15395
79.30702
79.42414
79.41348
79.68062
79.73491
79.79597
79.79765
79.88321
79.78628
79.21072
79.15916
78.65094
77.02792
76.33272
75.38764
74.98324
74.69709
74.85131
73.96671
74.5358
73.74804
73.49725
73.50386
73.68287
73.70306
73.57046
73.69121
73.77379
73.69237
73.68202
73.63164
73.62968
73.87809
73.84051
74.00658
74.00578
74.2269
74.0823
73.94098
73.92615
74.31676
75.08291
75.36556
75.59587
75.5474
75.71279
75.32373
74.46065
74.47653
74.08722
73.98988
73.83598
73.7941
73.76638
73.73866
73.7332
73.78751
73.30363
72.62527
72.54586
72.28221
71.73849
71.69546
71.42657
71.39671
71.29988
71.42308
71.58088
71.85314
72.26568
72.39763
71.93701
70.62739
69.97843
69.99149
70.00855
70.16255
70.87924
71.38098
71.25863
71.23556
71.03731
71.33741
70.68858
71.36048
72.59539
72.61839
73.48819
74.05669
74.16465
74.86779
75.18105
77.7447
77.69139
77.17959
79.63732
80.0085
84.64167
82.86103
82.26916
85.2977
83.1115
84.4699
83.15725
82.84734
83.00563
82.85403
83.06623
83.13874
83.23783
84.83219
84.69922
