0.0
0.0
0.0
0.0
0.0
0.0
0.0
0.0
0.0
0.0
0.0
0.0
0.0
0.0
0.0
0.0
0.0
0.0
0.0
0.0
0.0
0.0
0.0
0.0
0.0
0.0
0.0
0.0
0.0
0.0
0.0
0.0
0.0
0.0
0.0
0.0
0.0
0.0
0.0
0.0
0.0
0.0
0.0
0.0
0.0
0.0
0.0
0.0
0.0
0.0
0.0
0.0
0.0
0.0
0.0
0.0
0.0
0.0
0.0
0.0
0.0
0.0
0.0
0.0
0.0
0.0
0.0
0.0
0.0
0.0
0.0
0.0
0.0
0.0
0.0
0.0
0.0
0.0
0.0
0.0
0.0
0.0
0.0
0.0
0.0
0.0
0.0
0.0
0.0
0.0
0.0
0.0
0.0
0.0
0.0
0.0
0.0
0.0
0.0
0.0
0.0
0.0
0.0
0.0
0.0
0.0
0.0
0.0
0.0
0.0
0.0
0.0
0.0
0.0
0.0
0.0
0.0
0.0
0.0
0.0
-22.1519
-29.32489
-20.46414
14.76793
12.02532
20.04219
48.52321
13.92405
6.11814
13.29114
-5.27426
-15.61181
-30.80169
-27.63713
-16.66667
-19.83122
-21.09705
-38.60759
-26.16034
-18.98734
-28.48101
-11.60338
-1.68776
0.21097
6.54008
24.68354
12.8692
6.54008
-8.43882
-17.51055
-12.23629
-14.55696
-22.78481
-32.27848
2.53165
-7.59494
-16.24473
-18.77637
-15.82278
-13.50211
-2.95359
23.62869
24.89451
37.97468
11.39241
-4.85232
-21.94093
1.26582
3.16456
-15.61181
-27.00422
-20.46414
-6.96203
-9.49367
1.05485
2.95359
13.50211
12.44726
31.01266
19.40928
22.78481
21.51899
26.79325
50.21097
53.5865
45.99156
28.90295
11.39241
24.2616
4.21941
0.42194
5.27426
-5.48523
17.72152
32.91139
26.37131
33.75527
64.76793
34.38819
42.61603
25.7384
35.44304
33.96624
5.48523
14.55696
11.39241
-14.13502
-29.74684
-36.28692
-29.74684
14.13502
9.07173
-14.13502
-6.54008
-11.81435
-26.37131
-9.70464
-14.34599
2.53165
-5.6962
-18.98734
-39.02954
-13.50211
-13.08017
-25.10549
-10.33755
-19.40928
27.00422
24.68354
39.87342
70.88608
50.21097
22.36287
20.46414
19.62025
7.173
5.27426
21.94093
1.26582
4.64135
1.26582
5.90717
10.75949
2.32068
1.68776
-12.23629
-1.26582
-12.65823
2.95359
-4.21941
13.50211
-3.79747
-5.27426
-0.84388
-0.63291
-20.67511
-23.41772
-21.30802
-32.27848
-7.59494
-28.69198
-16.66667
-29.32489
-15.18987
-40.92827
-17.51055
-7.38397
5.48523
-6.75105
-10.33755
5.6962
-12.23629
-7.38397
-33.12236
-42.40506
-57.80591
-30.37975
-40.08439
-26.58228
-37.97468
-37.1308
-12.8692
-15.82278
-39.45148
-32.48945
-6.96203
7.59494
0.84388
-2.95359
-4.21941
-12.65823
-2.32068
-5.6962
2.32068
-23.20675
16.66667
21.51899
9.2827
15.61181
-4.00844
-13.92405
-18.5654
-8.86076
-5.06329
-1.26582
0.63291
-7.59494
-2.74262
-5.27426
2.74262
4.64135
-17.29958
-22.57384
-33.5443
-37.55274
-29.11392
-8.22785
-16.24473
0.42194
-20.67511
-31.22363
-25.10549
-32.27848
-11.39241
-24.47257
-14.9789
-18.5654
-4.64135
1.68776
-22.36287
-5.6962
10.54852
20.46414
30.37975
29.95781
36.91983
36.28692
24.68354
20.25316
41.35021
9.2827
8.22785
24.2616
33.33333
50.21097
36.49789
26.58228
8.64979
9.2827
1.26582
7.38397
-11.39241
5.06329
1.47679
-0.84388
9.07173
0.21097
2.1097
0.0
11.81435
17.08861
19.83122
5.06329
23.20675
20.25316
9.70464
13.92405
13.50211
11.81435
23.20675
36.28692
33.12236
31.01266
11.39241
22.1519
24.47257
26.79325
27.21519
13.92405
45.99156
23.62869
11.18143
7.80591
23.41772
29.11392
-5.06329
18.77637
-0.84388
-1.47679
4.21941
-5.48523
35.44304
33.33333
24.89451
41.13924
26.58228
28.90295
22.36287
0.21097
13.29114
10.54852
1.05485
23.83966
12.65823
13.08017
40.08439
38.18565
10.54852
0.63291
0.63291
-2.32068
-13.08017
-31.22363
3.5865
2.74262
-11.81435
1.89873
-18.35443
-17.51055
-6.75105
-8.43882
-19.40928
-18.35443
7.173
-16.87764
-20.88608
-18.35443
-28.48101
-21.09705
1.68776
-0.84388
-2.95359
-8.43882
-16.4557
-11.18143
-12.65823
13.50211
2.95359
-22.99578
1.68776
0.63291
-9.91561
-1.47679
-5.6962
18.14346
-13.29114
0.84388
-18.35443
-18.35443
-5.6962
-20.04219
-22.78481
-46.83544
-33.75527
-50.21097
-31.64557
-30.80169
-63.08017
-45.78059
-24.47257
-31.01266
-35.86498
-35.86498
-23.41772
-10.54852
-18.14346
-12.8692
-10.33755
-21.09705
5.06329
-13.29114
-8.64979
2.53165
-1.47679
-1.26582
5.6962
-7.59494
-33.5443
-30.59072
2.53165
15.82278
7.173
-12.23629
-37.97468
-23.41772
-25.10549
-15.82278
-5.90717
14.76793
17.29958
28.27004
25.52743
25.10549
24.05063
10.33755
6.96203
-7.173
-16.4557
-22.36287
-27.00422
-35.86498
-25.7384
-13.29114
-11.81435
-4.21941
-9.70464
6.11814
2.1097
-12.8692
22.99578
9.2827
-4.43038
9.49367
14.34599
7.59494
10.33755
23.20675
9.07173
5.6962
1.68776
4.00844
22.36287
21.30802
24.05063
39.24051
38.39662
22.36287
14.9789
1.89873
-12.02532
1.05485
-9.07173
-8.01688
18.98734
3.16456
24.68354
9.49367
21.09705
35.0211
15.82278
40.29536
15.61181
31.85654
50.0
55.90717
40.08439
13.08017
0.21097
9.2827
0.42194
-12.8692
8.43882
7.38397
14.76793
18.14346
12.23629
6.11814
9.49367
-1.05485
-2.32068
3.79747
-13.71308
-1.05485
5.90717
3.37553
27.8481
13.08017
26.79325
13.08017
-5.6962
-15.18987
-28.05907
0.0
-8.64979
5.48523
-20.46414
-16.4557
-8.43882
-9.91561
19.83122
-5.90717
12.44726
18.77637
-2.1097
-8.22785
11.81435
2.32068
-16.4557
-15.82278
0.0
27.63713
14.55696
27.21519
17.51055
17.93249
7.80591
-20.88608
-3.16456
-4.00844
-13.08017
-6.11814
5.06329
2.1097
-11.18143
-23.41772
-10.75949
-7.59494
0.84388
3.16456
-22.1519
-14.76793
-20.46414
-28.48101
-38.60759
-38.60759
-28.69198
-37.76371
-38.39662
-12.44726
-7.38397
-30.16878
-39.87342
-31.4346
-4.00844
-3.79747
48.10127
47.25738
43.88186
37.34177
-8.01688
-16.03376
-12.65823
-8.43882
-18.14346
-9.91561
-9.49367
-21.09705
-30.16878
-5.48523
-10.33755
-26.16034
-11.81435
0.42194
-9.2827
-0.63291
-4.21941
-10.75949
-32.91139
-57.38397
-43.24895
-24.47257
-44.3038
-22.99578
-50.42194
-48.31224
-9.2827
-30.59072
-4.43038
12.23629
27.21519
20.67511
55.27426
56.96203
32.27848
41.98312
19.40928
7.80591
23.41772
5.90717
7.59494
30.16878
32.48945
31.01266
45.35865
50.63291
41.77215
50.63291
22.99578
1.26582
4.64135
-5.90717
-19.62025
-41.35021
-10.54852
-12.44726
-7.59494
-1.47679
-3.79747
-3.16456
-8.86076
14.55696
29.53586
25.10549
13.92405
39.24051
32.70042
27.00422
12.8692
5.27426
-4.21941
12.02532
12.8692
29.32489
24.05063
9.07173
14.34599
-8.43882
-9.2827
4.64135
9.2827
2.74262
25.31646
36.07595
24.89451
6.96203
3.5865
10.33755
12.44726
-3.16456
-0.63291
-15.40084
19.62025
-4.64135
-49.36709
-20.25316
-6.96203
7.173
-13.50211
-0.63291
-7.38397
-8.86076
-6.75105
-22.78481
-46.4135
-12.02532
25.31646
3.16456
7.80591
18.77637
13.92405
5.27426
-7.80591
-18.98734
0.21097
3.79747
6.96203
17.93249
-4.43038
-12.23629
6.32911
-15.82278
-20.25316
-32.70042
-12.02532
-19.62025
-21.94093
-9.91561
-23.83966
-21.09705
-19.40928
16.4557
-1.05485
4.43038
1.47679
-12.44726
18.77637
-18.35443
-31.85654
-17.72152
-3.5865
11.81435
34.59916
32.06751
-4.64135
11.18143
-3.5865
2.95359
-10.12658
-0.84388
-1.26582
-22.36287
-31.4346
-15.61181
0.84388
-3.5865
6.32911
-4.21941
0.63291
-2.74262
2.74262
-20.04219
2.53165
-16.87764
-25.10549
-30.59072
-50.21097
-32.91139
-66.87764
-48.94515
-34.59916
-42.827
-10.12658
12.02532
23.62869
24.47257
28.27004
33.75527
2.53165
13.50211
-22.36287
-25.94937
-4.00844
0.0
9.70464
-8.64979
7.59494
22.99578
23.20675
43.67089
59.07173
58.86076
47.04641
22.36287
24.2616
-12.65823
19.83122
24.05063
0.63291
6.54008
-14.13502
-9.2827
-13.29114
-18.77637
-1.26582
3.16456
0.0
19.40928
16.87764
39.02954
41.77215
18.5654
17.51055
-5.06329
1.26582
7.59494
15.40084
31.01266
9.70464
13.50211
0.63291
18.14346
26.16034
41.13924
51.26582
37.97468
19.40928
16.87764
10.33755
6.54008
-4.00844
-27.63713
-13.08017
-29.32489
1.89873
-7.80591
11.18143
15.40084
-5.06329
-17.51055
-0.42194
24.68354
11.81435
26.58228
8.01688
12.02532
11.18143
8.22785
29.11392
30.37975
11.81435
4.43038
-8.43882
1.89873
12.23629
2.74262
-1.47679
10.97046
-8.64979
-5.27426
-13.50211
-7.173
21.30802
5.48523
-10.12658
-30.37975
-19.19831
-35.44304
-35.65401
-10.75949
-5.6962
-0.21097
11.18143
8.43882
17.51055
21.94093
26.37131
12.02532
8.01688
23.83966
22.36287
8.01688
18.5654
30.59072
14.76793
20.46414
11.39241
8.22785
7.80591
20.25316
29.74684
29.53586
14.34599
0.84388
-11.60338
-34.81013
-33.5443
-9.91561
-1.89873
-25.10549
-25.7384
-14.55696
-29.95781
-48.31224
-48.10127
-58.43882
-62.8692
-53.5865
-88.39662
-83.5443
-69.40928
-69.40928
-48.10127
-51.05485
-59.70464
-64.34599
-56.54008
-27.42616
-6.96203
-22.36287
19.62025
9.2827
-23.41772
5.06329
-8.86076
0.21097
-10.97046
-15.40084
16.66667
-9.91561
7.80591
7.173
-26.37131
-29.95781
-17.08861
8.01688
6.54008
12.02532
-17.29958
-21.94093
-40.29536
-20.67511
-2.74262
-10.12658
1.26582
-9.70464
-8.43882
-20.25316
2.53165
-22.57384
-25.52743
-23.83966
-13.29114
-23.20675
-16.4557
-13.29114
-5.6962
-8.43882
-25.31646
9.70464
-36.91983
-39.02954
-14.9789
-12.02532
-27.42616
1.26582
7.80591
-11.60338
-4.43038
12.65823
-21.09705
-40.50633
-9.49367
2.53165
-7.173
-3.37553
-9.49367
-39.66245
-33.12236
-43.03797
-22.99578
-0.63291
6.96203
5.27426
20.67511
37.1308
40.08439
41.13924
23.20675
10.75949
10.97046
5.6962
18.98734
14.34599
24.89451
40.7173
44.09283
66.4557
57.38397
44.72574
61.60338
61.18143
45.78059
29.11392
6.75105
3.16456
4.64135
0.84388
16.03376
11.60338
8.22785
46.83544
-5.6962
-25.94937
-1.47679
-18.14346
-13.50211
-2.32068
-16.24473
5.6962
11.81435
-21.94093
-21.51899
0.42194
13.92405
-5.90717
-2.74262
-12.65823
-28.27004
-28.48101
-10.97046
6.11814
1.26582
15.40084
26.58228
27.42616
17.51055
21.51899
41.35021
33.96624
26.37131
13.50211
12.44726
23.83966
17.51055
9.49367
15.61181
4.64135
9.2827
17.93249
-3.5865
2.74262
20.88608
6.11814
6.11814
-4.43038
-9.91561
11.18143
1.47679
13.08017
1.26582
-6.11814
7.38397
-4.43038
-10.75949
0.84388
24.89451
32.06751
10.54852
-6.96203
-32.06751
-27.63713
-0.42194
-12.02532
-29.11392
-4.00844
16.66667
16.87764
-2.53165
1.89873
16.4557
-16.66667
-11.39241
-9.70464
0.63291
-6.54008
-14.13502
-11.60338
-23.83966
-8.01688
2.53165
-16.66667
-15.40084
5.27426
-12.02532
11.81435
-0.63291
-26.79325
-13.71308
-5.27426
4.43038
0.0
6.96203
10.33755
-1.47679
12.23629
53.79747
58.43882
21.09705
-3.5865
1.68776
8.43882
5.06329
-1.68776
20.04219
35.44304
11.39241
-4.64135
-5.06329
2.53165
17.08861
-0.84388
-3.37553
5.27426
-12.23629
-16.66667
-23.83966
-16.24473
-11.18143
-12.65823
-5.90717
-0.42194
7.38397
-4.43038
-12.23629
-0.63291
10.75949
-0.21097
14.55696
30.16878
27.8481
27.00422
26.37131
54.21941
57.80591
72.1519
72.36287
40.50633
33.12236
1.89873
-22.57384
-4.21941
3.16456
-1.05485
-1.26582
10.54852
17.93249
-2.95359
-37.76371
-29.32489
-8.86076
-17.72152
-8.64979
-1.68776
-17.51055
-6.75105
6.75105
3.37553
-22.57384
-21.72996
-4.43038
-2.95359
-4.21941
-19.62025
-9.2827
-4.00844
3.16456
-29.11392
-23.20675
-1.89873
3.16456
11.39241
36.49789
48.52321
29.11392
13.50211
16.4557
8.86076
0.0
10.54852
-1.05485
-7.80591
-13.50211
4.85232
-12.23629
-8.22785
3.5865
13.50211
5.06329
7.173
-21.94093
-17.51055
-21.09705
1.05485
-15.82278
-32.70042
-4.00844
-42.19409
-27.63713
-52.95359
-51.89873
-44.72574
-25.31646
-12.8692
-4.43038
4.21941
9.49367
4.85232
10.33755
-13.29114
0.42194
-23.20675
-37.1308
-49.36709
-32.70042
-27.21519
-58.43882
-44.51477
-41.35021
-8.43882
-41.56118
-27.63713
-37.97468
-20.67511
-35.23207
-40.29536
-22.1519
-1.26582
15.18987
8.01688
29.32489
45.78059
26.79325
3.37553
26.58228
-6.11814
-11.39241
-7.59494
-3.37553
6.75105
20.04219
26.16034
15.61181
-4.21941
-5.6962
1.26582
1.26582
-13.50211
-50.42194
-19.83122
-13.92405
-34.81013
-13.50211
-27.00422
-28.90295
-36.28692
-33.33333
-10.97046
-23.20675
-3.16456
-9.70464
4.85232
5.27426
0.21097
-0.84388
-3.5865
-10.97046
-27.8481
-3.16456
0.84388
-12.44726
-11.81435
13.50211
21.72996
11.18143
11.18143
28.27004
14.55696
28.05907
44.93671
30.16878
15.82278
13.71308
30.80169
25.10549
15.61181
13.50211
5.6962
13.50211
18.35443
31.85654
15.61181
-4.21941
0.63291
3.37553
26.16034
19.19831
22.99578
23.41772
-7.38397
6.54008
26.16034
10.33755
18.35443
14.9789
41.77215
11.81435
-3.5865
12.23629
9.07173
19.40928
3.5865
5.6962
4.21941
41.35021
15.40084
18.77637
27.42616
10.97046
20.04219
24.2616
34.81013
5.48523
-7.173
-2.1097
8.01688
14.55696
26.79325
12.44726
1.47679
-4.21941
12.23629
8.86076
-1.26582
7.59494
21.09705
29.53586
18.5654
26.16034
22.78481
22.1519
13.92405
10.54852
-3.5865
1.68776
9.49367
5.48523
0.21097
-0.21097
-13.29114
-5.06329
-4.21941
1.05485
8.01688
7.38397
14.13502
3.79747
-5.90717
-22.78481
-20.04219
-34.59916
-47.67932
-61.81435
-27.21519
-35.86498
-27.42616
-12.65823
-6.54008
8.86076
3.79747
-4.85232
3.37553
18.14346
-27.42616
-24.89451
-20.88608
-38.81857
-37.34177
-38.60759
-46.20253
-56.32911
-50.0
-30.16878
-25.31646
-16.24473
-15.40084
-3.16456
-10.33755
2.32068
-7.59494
-0.84388
2.95359
-26.79325
-28.69198
-21.72996
-19.62025
-10.54852
-23.62869
-44.09283
0.21097
-26.58228
-51.26582
-25.94937
1.47679
-7.59494
-5.06329
-11.18143
-29.95781
-26.37131
-33.5443
-50.42194
-36.28692
-4.64135
16.03376
4.85232
11.39241
10.97046
17.93249
31.4346
43.24895
62.44726
44.72574
75.7384
40.50633
52.32068
39.02954
20.46414
24.68354
7.80591
8.86076
0.63291
0.63291
-9.07173
6.11814
-6.11814
-10.12658
-32.48945
-13.29114
8.01688
0.84388
2.95359
-6.11814
-5.90717
0.63291
-17.93249
10.75949
-1.26582
-24.47257
-1.05485
-31.4346
9.70464
8.01688
-1.05485
-5.90717
11.39241
37.34177
31.85654
75.7384
94.09283
100.0
74.68354
20.46414
29.32489
17.29958
16.03376
35.0211
6.32911
13.50211
-1.05485
6.75105
8.86076
1.26582
26.79325
24.2616
16.87764
23.20675
17.93249
13.92405
1.05485
-8.64979
-29.95781
-19.19831
-5.6962
-11.39241
-14.13502
4.21941
-7.173
9.91561
44.72574
31.85654
51.26582
16.66667
39.45148
19.62025
17.93249
37.34177
11.81435
30.16878
45.14768
20.67511
7.38397
6.75105
-5.6962
-16.24473
-18.98734
-29.95781
-20.67511
21.51899
7.38397
-6.96203
0.63291
0.42194
6.11814
2.1097
-18.5654
3.79747
0.63291
-6.32911
-14.34599
-2.32068
10.54852
4.00844
13.08017
-8.01688
-9.07173
22.57384
15.61181
0.84388
2.32068
-11.18143
-3.16456
7.80591
16.87764
-3.5865
-22.1519
-18.5654
-29.95781
-18.98734
-36.28692
-42.827
-32.06751
-34.81013
-18.35443
-15.18987
-37.97468
-28.90295
-35.65401
-67.08861
-46.20253
-39.02954
-19.40928
-20.46414
-0.84388
-24.05063
-40.7173
-21.09705
-20.04219
0.84388
-4.00844
-10.75949
-19.62025
2.74262
-6.32911
-22.36287
-2.74262
-7.38397
-15.82278
5.90717
0.84388
-2.1097
-9.49367
-24.89451
-25.52743
-32.06751
-34.38819
-47.8903
-32.27848
-10.54852
-4.00844
6.54008
-16.66667
-30.59072
-18.5654
-23.20675
-3.16456
6.75105
15.61181
16.87764
-0.84388
-5.48523
-8.01688
5.6962
-16.4557
-12.02532
11.39241
14.13502
8.86076
-2.95359
-8.86076
2.74262
13.71308
-4.21941
-1.89873
-5.48523
7.38397
-10.12658
-31.01266
-37.55274
-17.08861
-12.8692
6.75105
19.40928
1.26582
9.91561
-15.18987
-6.54008
1.26582
12.02532
24.89451
39.87342
5.48523
2.95359
27.00422
0.63291
8.43882
38.39662
37.55274
41.13924
25.31646
32.70042
32.27848
2.95359
40.92827
24.05063
17.93249
33.75527
14.76793
16.66667
26.16034
-3.16456
-8.22785
0.63291
-0.84388
-3.5865
-8.86076
-10.12658
-31.22363
-34.17722
-36.07595
-11.81435
-25.94937
-31.64557
15.61181
19.40928
22.1519
18.98734
37.97468
36.49789
39.24051
40.29536
29.11392
42.40506
18.5654
25.94937
7.80591
-4.64135
11.81435
9.07173
17.51055
-2.32068
25.7384
18.77637
12.23629
24.2616
0.63291
-8.64979
-24.2616
-19.40928
-28.90295
-34.59916
-32.06751
-7.38397
-13.50211
-19.19831
-23.62869
-10.54852
-10.33755
-22.57384
-20.67511
-19.83122
-3.37553
-14.9789
5.48523
13.50211
32.06751
28.48101
45.35865
51.89873
17.29958
22.78481
18.14346
-0.63291
2.53165
-0.42194
5.06329
-2.74262
-4.21941
12.23629
12.02532
5.06329
-17.08861
-20.67511
-24.68354
-14.34599
-17.08861
-5.90717
-12.23629
-29.74684
-34.17722
-18.14346
-10.54852
-32.06751
-43.24895
-17.93249
-20.46414
-28.27004
-11.81435
-22.78481
-37.34177
-18.5654
-11.81435
-16.4557
-4.00844
-2.1097
27.21519
11.60338
12.02532
6.11814
-5.06329
-4.43038
-7.173
12.65823
-8.22785
1.89873
1.89873
-16.4557
0.42194
-29.32489
-16.4557
-3.5865
-5.06329
-1.26582
11.39241
1.26582
-24.2616
-3.79747
-6.54008
-8.86076
-17.08861
-2.32068
-4.64135
-1.89873
52.1097
53.37553
34.81013
39.66245
41.56118
52.32068
22.57384
7.59494
18.14346
19.83122
17.93249
-9.70464
-12.8692
-16.03376
-22.57384
-17.51055
12.8692
18.14346
20.88608
21.72996
8.86076
12.23629
13.92405
16.4557
12.02532
17.93249
-12.65823
-8.64979
0.84388
-4.64135
-5.06329
2.53165
11.39241
12.02532
40.7173
47.46835
20.46414
10.12658
12.65823
5.48523
6.54008
22.78481
36.91983
-5.90717
-6.54008
-6.75105
-19.19831
4.64135
-1.26582
9.2827
10.75949
-6.32911
10.12658
21.09705
17.08861
1.05485
-12.02532
2.95359
19.40928
18.98734
22.1519
21.30802
27.21519
39.02954
18.77637
19.83122
7.173
6.75105
16.66667
39.87342
31.22363
11.81435
20.88608
7.80591
21.94093
-1.68776
2.74262
7.38397
5.90717
-3.5865
-14.9789
-27.00422
-21.72996
-16.03376
-48.10127
-5.27426
0.0
-4.85232
9.70464
-4.43038
4.43038
10.75949
-10.33755
14.55696
10.12658
-26.37131
-23.83966
-25.52743
-20.67511
-19.40928
-31.01266
-36.91983
-35.44304
-21.09705
-4.21941
-12.8692
-3.16456
-15.40084
-18.77637
-35.23207
-25.10549
-40.92827
-33.75527
-25.94937
-56.11814
-41.35021
-33.5443
-17.51055
-18.35443
-18.98734
-17.08861
-8.01688
-11.81435
18.77637
-2.95359
-6.32911
-34.59916
-20.88608
-8.64979
-29.74684
-11.39241
-12.44726
-10.33755
-16.03376
-1.26582
-5.6962
20.46414
8.01688
8.64979
-8.43882
-23.83966
-0.21097
-4.85232
2.53165
-1.05485
-25.94937
-16.87764
-23.83966
-22.36287
-5.6962
-13.92405
-28.48101
-23.62869
-12.8692
-23.41772
-19.40928
-38.18565
-15.40084
-16.87764
-19.40928
15.61181
0.21097
18.77637
29.74684
27.8481
17.51055
21.09705
23.41772
13.71308
21.30802
13.29114
8.86076
-2.53165
4.85232
-13.50211
0.42194
-9.07173
-24.05063
-2.1097
6.96203
35.44304
-6.11814
-24.68354
-28.69198
-47.25738
-16.4557
21.09705
14.34599
-1.26582
18.98734
16.24473
8.43882
-6.75105
8.22785
2.74262
32.70042
43.03797
14.34599
29.11392
27.8481
50.42194
42.40506
36.28692
20.04219
20.67511
14.13502
0.0
-4.64135
-8.64979
-0.21097
6.32911
26.37131
27.63713
1.89873
-16.03376
-17.72152
-14.34599
4.21941
4.85232
18.35443
7.80591
-13.08017
-13.71308
6.32911
2.1097
-2.95359
24.68354
2.1097
16.4557
30.16878
31.4346
29.32489
26.58228
29.95781
49.57806
79.11392
18.98734
10.75949
15.40084
-15.82278
0.84388
-1.89873
-14.76793
7.59494
17.08861
32.48945
52.74262
27.8481
37.34177
25.94937
-8.86076
-20.04219
-28.48101
-14.55696
-21.51899
-31.22363
-10.54852
-3.16456
-16.24473
-18.35443
10.75949
2.32068
-13.08017
7.38397
1.89873
-3.5865
-8.86076
-16.24473
-41.35021
-44.93671
-10.12658
-38.60759
-59.2827
-57.173
-45.35865
-3.37553
-16.87764
-4.43038
-18.14346
-14.76793
1.05485
-9.07173
-4.64135
-51.68776
-54.64135
-50.0
-49.15612
-54.85232
-36.07595
-19.83122
-9.07173
5.27426
-5.27426
9.07173
-12.44726
-5.90717
-1.89873
-14.9789
-15.82278
-24.68354
-28.05907
-30.80169
-16.66667
-19.83122
18.5654
33.12236
2.74262
8.22785
8.64979
4.85232
20.46414
43.24895
39.87342
30.16878
25.10549
21.30802
-5.48523
-16.24473
-14.55696
-22.36287
-16.87764
-14.76793
-33.33333
-44.3038
-45.14768
-59.49367
-50.21097
-41.98312
-7.80591
-30.59072
-17.93249
2.53165
-4.64135
0.84388
-8.64979
4.21941
-13.08017
0.84388
1.47679
15.40084
21.09705
10.75949
33.33333
14.13502
11.60338
22.99578
14.76793
34.17722
25.52743
12.23629
13.08017
18.77637
27.8481
28.69198
23.83966
40.29536
16.03376
5.06329
17.72152
0.21097
-6.96203
26.37131
36.07595
24.68354
18.77637
5.48523
36.91983
16.66667
16.03376
23.41772
-0.21097
-5.48523
3.5865
-7.173
7.80591
13.71308
33.75527
10.97046
32.91139
57.80591
43.67089
42.827
37.34177
24.89451
-1.26582
41.13924
9.70464
40.50633
22.1519
-0.84388
-0.63291
3.37553
19.19831
12.44726
12.44726
-12.23629
-7.173
-12.65823
-8.64979
-15.82278
-16.03376
-1.26582
1.47679
-5.48523
20.25316
17.08861
11.39241
12.44726
-5.90717
0.0
-2.1097
9.49367
4.21941
27.8481
45.35865
13.29114
27.21519
14.9789
16.87764
13.08017
7.80591
7.38397
-3.16456
-5.90717
-29.95781
-36.49789
-14.9789
-37.34177
-37.76371
-24.2616
-23.41772
-10.75949
-13.50211
-2.1097
-10.97046
0.21097
4.21941
8.01688
32.06751
50.21097
35.44304
7.38397
2.95359
18.35443
-0.63291
10.97046
15.82278
8.64979
19.19831
22.1519
34.59916
12.02532
6.75105
6.32911
-11.39241
3.37553
-10.75949
-11.60338
-4.85232
-23.62869
-12.8692
-36.28692
-35.86498
-24.89451
-34.59916
-58.43882
-39.02954
-39.02954
-64.34599
-50.0
-54.21941
-28.05907
-10.12658
-22.99578
-8.01688
5.6962
4.21941
-3.37553
-21.94093
-7.173
-11.60338
-28.69198
-2.32068
-2.53165
-12.8692
-8.01688
7.80591
31.01266
37.55274
38.39662
37.97468
11.81435
-11.18143
16.87764
11.18143
-21.72996
-10.97046
-17.08861
-24.47257
-20.25316
-8.01688
25.94937
10.54852
-6.54008
-24.2616
-24.68354
-15.40084
-47.04641
-61.60338
-38.18565
-22.1519
-19.83122
-16.87764
-21.94093
-11.39241
-10.54852
22.57384
36.28692
16.66667
21.72996
25.31646
9.07173
17.29958
29.95781
-0.84388
-5.06329
4.43038
25.10549
32.91139
42.827
26.79325
12.23629
12.23629
6.11814
10.97046
8.86076
10.97046
-10.12658
-15.61181
-5.27426
11.81435
-4.43038
1.05485
15.40084
29.95781
64.13502
45.56962
25.10549
21.09705
-1.26582
-16.66667
-53.5865
-47.04641
-15.82278
-22.78481
-14.55696
2.1097
-2.95359
6.54008
36.49789
40.29536
70.25316
41.35021
10.54852
-7.80591
-14.55696
-30.37975
-21.30802
-26.79325
-57.173
-45.35865
-51.68776
-32.06751
-43.67089
-20.25316
9.70464
1.26582
-18.35443
4.85232
0.21097
-3.5865
3.16456
9.70464
-8.64979
-29.53586
-6.96203
-9.70464
-4.00844
-17.08861
-5.27426
-2.74262
-1.89873
7.80591
11.18143
5.27426
31.85654
14.34599
-1.26582
7.173
