0.42859
0.99596
1.39189
1.67762
1.91028
2.29805
3.23687
3.50627
3.62464
3.88179
3.98384
4.28589
4.88183
5.41655
5.73901
6.1227
6.53088
7.27785
7.78399
8.15135
8.7024
8.92689
8.95955
8.96363
9.09017
9.56774
9.81673
9.94326
10.10653
10.44532
10.68207
10.96371
11.40455
12.02906
12.07804
12.22499
12.53929
12.90257
13.2087
13.46994
13.52708
13.98424
14.4659
15.20062
15.42104
15.51492
15.93943
15.96392
16.02514
16.3272
16.84967
17.2456
17.3803
17.56398
17.58439
17.64154
17.90277
18.1436
18.74362
19.11915
19.55998
19.97633
20.49471
21.46618
22.50296
23.39279
23.952
24.17242
24.64182
24.72346
24.73162
24.83367
24.93979
25.28266
25.91943
26.42965
27.08274
28.33585
29.00118
29.82571
30.32369
31.00943
31.6666
31.77273
32.05437
32.27479
32.54827
33.1238
33.82587
34.4014
34.67488
34.8504
35.12388
35.25042
35.479
35.98922
36.17699
36.45455
36.50353
36.61374
36.9811
37.73623
37.99747
38.25054
38.73627
38.93628
39.31181
39.83428
40.31185
41.08331
42.45479
43.42626
43.85893
44.25487
44.63447
44.77326
44.8753
45.29981
45.3243
45.4141
45.43859
45.55288
45.76105
45.80595
45.83861
46.07535
46.09984
46.34475
46.40189
46.48353
46.74477
46.81824
46.92028
46.93661
46.94886
47.34887
47.80195
48.21421
48.83873
48.98567
49.5408
49.86326
50.43063
50.72452
51.51639
51.85518
51.99804
52.10417
52.23479
52.43479
52.545
52.78175
52.92461
53.56545
54.38589
55.50431
56.09209
56.86763
57.38193
58.11666
58.83505
59.08404
59.39018
60.15348
60.78207
60.91677
61.06372
61.08004
61.13719
61.21883
61.46373
61.50863
61.61884
61.66374
62.11274
62.4352
62.85154
63.03114
63.3332
63.41075
63.68015
64.03935
64.21078
64.30875
64.33324
64.34548
64.49243
64.54549
64.64754
64.7006
64.7904
65.12511
65.56186
66.21087
66.93743
67.50071
67.6599
67.9742
67.98237
68.38238
68.98649
69.47222
70.09674
70.31716
70.79064
71.08045
71.43965
71.52945
71.5621
71.99478
72.10498
72.30907
72.70501
73.29279
73.8724
74.58672
75.28879
75.76636
76.15821
76.95824
77.13784
77.29703
77.76644
78.41136
79.38283
80.08898
80.60329
80.77064
80.95024
80.97473
81.1176
81.33801
81.43598
81.46455
81.48088
81.65639
81.66048
81.70129
81.70129
81.92987
81.83191
81.64823
81.35026
81.51353
81.67272
81.47271
80.8033
80.79513
80.90534
81.09719
81.69721
82.036
82.04008
81.72578
81.83191
81.92171
82.03192
81.8115
81.57476
82.09723
82.00335
81.99518
82.11356
82.56255
82.99931
82.6197
82.73399
82.62378
82.48908
82.23193
82.10131
82.50541
82.7095
82.56664
83.3136
83.68097
83.92587
83.99527
83.69321
83.68913
83.83607
83.39932
83.37891
82.8891
82.92175
83.60341
83.91771
84.09731
84.04833
83.75852
83.28095
83.13809
83.60749
83.4932
83.52586
83.69729
83.47279
83.58709
83.32585
83.08094
82.80338
82.76256
82.59929
81.7666
81.05637
80.57064
80.36655
80.69717
80.63594
80.58696
80.59513
80.55023
80.60737
80.58288
80.16246
79.89714
79.50529
78.30932
78.0889
77.29703
76.8113
76.3174
75.6888
75.69289
75.76228
75.79901
75.54186
75.32144
74.97449
74.50916
74.62345
74.88877
75.52145
76.048
76.79089
76.89293
77.30111
78.24401
79.08078
79.44406
79.67672
79.61549
80.04817
80.24817
79.96653
80.11756
79.99102
79.66856
79.59917
78.92567
77.81134
77.00722
76.62354
76.25617
75.90106
75.87248
75.91738
76.14188
76.70925
76.66844
76.95008
76.97457
77.00314
77.69297
78.11339
78.36238
78.64403
78.51341
78.74199
78.99506
79.28079
79.70121
80.0849
80.5339
80.72166
80.45635
80.14205
80.04817
79.85632
80.23185
80.37063
80.54614
80.23593
80.17062
79.46039
79.30936
79.28487
79.21956
79.33793
79.58284
79.65223
79.5012
79.54202
79.17874
78.50525
77.58684
77.44806
76.84803
76.44394
75.74187
75.10102
75.28471
75.39083
75.09286
75.22348
75.83167
76.11739
76.39087
76.37046
76.52149
76.29699
76.42761
76.47251
76.79497
76.4072
76.56231
76.32965
76.55823
76.93375
77.16233
77.67256
77.61541
78.06033
78.92975
79.98694
80.75023
80.85636
80.80738
80.88493
80.84003
80.99922
80.82779
80.5339
80.17062
79.79509
79.46855
79.42773
79.29711
79.30936
78.95424
78.42361
78.20319
77.59909
77.49296
77.08478
77.33377
77.22764
77.65623
77.87665
77.55419
77.73787
78.07666
77.68072
77.2603
76.78681
76.46843
76.08474
75.77044
75.57043
75.15409
75.08878
75.17042
75.06429
74.46018
73.6479
73.17033
72.70093
72.85195
72.97849
72.954
73.34585
73.40708
73.83567
74.14588
74.47651
74.45202
74.85203
74.87244
74.95
74.97449
74.76224
74.47651
74.41936
74.1867
74.24793
74.26834
74.14588
73.90098
73.73362
73.71321
73.29687
73.05196
73.00298
73.52953
73.84791
73.92955
74.1418
74.35814
74.32956
73.5826
73.70913
74.26426
74.72142
74.34589
73.85608
74.68876
75.23981
76.07249
76.7664
76.83987
77.04396
76.60313
76.12147
75.99086
75.38675
75.05612
74.9051
75.05612
75.15817
75.10102
75.40308
75.61125
75.15817
75.09286
74.85203
74.15813
73.62749
74.06017
75.15817
75.98269
76.41128
77.01539
76.8562
77.76236
78.64403
78.59504
79.15017
78.88077
78.77873
79.17466
79.4114
80.10531
80.85228
81.33801
81.82375
81.79518
81.59109
81.49312
81.19923
81.31352
81.88089
82.45234
82.8891
83.4483
84.2116
84.77489
85.49329
85.88106
85.46063
85.51778
85.61982
85.80758
86.57904
86.67293
86.56272
86.45251
86.46475
86.18311
85.88922
85.95045
85.84432
85.97494
85.55451
85.17082
84.95857
84.97898
84.90551
83.93404
83.15033
82.75848
82.39112
81.9462
81.81967
81.83191
81.80334
81.72987
81.64415
81.62374
81.30536
81.387
81.18291
81.50537
82.15437
82.60745
82.71766
82.67684
82.72991
82.32173
81.79109
81.75436
81.74619
81.98702
81.84008
82.06049
81.99927
81.64823
81.48088
81.62782
81.35434
81.1625
80.78697
80.42369
80.37879
80.81146
80.84412
81.19923
81.12168
80.95432
80.88493
80.63186
80.04
79.69305
79.80326
79.57876
79.57059
79.51753
79.74611
79.79101
79.77877
79.4563
79.58284
79.88898
80.33797
80.29307
80.52574
80.75023
80.49308
80.77881
81.07678
81.41965
81.66048
81.24821
80.92167
80.48492
79.96653
79.58692
79.50937
79.83591
80.14205
79.97877
80.18695
80.68084
81.14617
80.86861
81.02372
80.61554
80.489
80.27675
79.61549
79.33385
78.9869
79.29303
78.97873
78.02767
77.01539
76.3623
76.19086
76.19903
76.07249
76.11739
76.25617
76.14188
76.32556
76.52557
76.7664
77.50112
78.01951
79.12976
80.05633
80.68084
81.43598
81.36659
81.57884
81.92171
82.32989
82.33805
82.73807
82.26866
82.27683
82.59929
82.80746
82.34214
82.34214
82.36255
82.42377
82.17478
82.30132
82.58704
83.24013
83.99935
85.02388
85.69329
85.76268
86.19127
86.27699
86.4321
86.85252
86.54639
86.36679
86.64027
86.28515
86.26066
86.09739
85.78309
85.49737
85.34634
85.31777
85.58309
86.26066
86.81579
87.05661
87.29744
87.35459
87.16274
86.85661
86.94641
87.39949
87.57092
87.77093
87.35459
87.41989
87.5301
87.77501
88.01992
88.00767
87.82807
87.42398
86.8811
86.76681
86.7015
86.65252
86.13413
86.09331
86.05249
86.13005
85.41573
84.79938
84.04833
83.66464
83.51769
83.68505
83.66872
84.01976
83.82383
83.86465
83.8973
83.64831
83.6279
84.10956
84.13813
83.7177
83.65239
83.68097
83.73811
83.77893
83.72587
83.72995
83.26054
82.25234
81.6768
81.3421
80.89718
80.55839
79.77877
79.43181
79.62366
79.71754
80.32165
80.29307
79.87673
79.4808
78.6277
77.68889
77.40316
77.01539
77.15009
77.23172
76.93375
77.28071
77.56643
77.13784
76.86844
76.86028
76.26842
75.68472
75.09694
74.2765
73.98261
74.34997
74.83571
75.29287
75.19082
74.40712
74.42753
74.8602
75.36226
75.52553
75.4888
75.9133
76.23985
76.23985
76.24801
76.69701
77.35826
77.7297
78.3134
78.82771
80.28899
81.80334
83.06461
84.17486
84.85652
85.27695
85.96677
87.03621
87.85257
88.21993
88.17503
88.5179
88.71791
88.84444
88.80771
88.20768
87.89747
87.76685
87.90971
88.00767
88.08931
88.21993
88.35871
88.19952
88.33014
88.81995
88.19544
87.95869
87.95053
88.04441
88.11788
88.53014
89.1669
89.39549
89.31793
89.07302
88.19952
88.15462
87.82807
88.1587
88.05666
88.13013
88.35463
88.71383
88.81995
88.90159
89.21589
89.39957
89.37508
89.1914
89.59549
89.54651
90.13837
90.58737
90.48533
90.08531
90.38328
90.02816
89.75468
89.78734
89.41181
89.24854
89.2812
89.74652
89.90979
89.87306
89.98326
89.80775
89.62815
90.04041
90.0649
90.55472
90.93024
90.71391
90.17919
89.6608
89.97102
90.47308
91.17923
91.91804
92.17111
92.36295
92.55072
92.22825
91.98743
91.96294
92.42826
93.14666
93.8773
95.08143
96.17944
96.99171
98.13054
98.92649
99.76326
100.0
99.64488
99.11425
98.23258
97.61215
96.62843
95.90596
95.39573
95.47328
95.38757
95.65697
95.22838
95.10592
94.8202
94.21201
94.47733
94.3263
94.12221
94.04465
94.38344
94.39161
94.47324
94.42018
94.3263
94.12629
94.22425
93.93036
92.99971
91.97926
91.09351
90.95881
91.00371
91.28944
91.24454
91.19556
91.98335
92.51398
92.75072
92.83236
92.81603
92.914
93.2283
93.35075
93.6528
93.36708
93.22013
92.81195
92.07315
91.76701
91.83232
91.85273
91.94661
91.88538
91.77926
91.39557
91.23638
91.22821
91.24046
91.0078
90.64452
89.93428
89.15058
88.43218
88.53831
88.8322
88.83628
88.84444
89.38732
89.38732
89.14241
88.80771
89.33426
89.26079
89.36691
89.39549
89.3465
89.04445
89.35467
89.19956
89.1914
88.86485
88.72199
88.61586
88.67301
88.73832
88.63627
88.2036
88.024
88.26075
88.39544
88.46075
88.45667
88.63219
88.61586
88.922
89.01996
89.01996
88.84444
88.70566
88.4281
88.52198
88.35463
88.00359
88.67301
89.11792
88.83628
88.6975
88.61994
88.77913
88.66076
88.53014
88.57913
88.84036
88.55055
88.40769
88.35054
87.93828
87.83624
87.69746
87.40357
86.91375
86.86477
86.7913
87.03212
87.18723
87.25254
87.1056
86.64435
86.08106
85.94637
86.01576
86.028
85.36675
84.92592
84.73815
84.98306
85.08102
85.12184
85.36267
85.29328
85.40757
85.59533
85.86065
86.04433
85.79126
84.72183
83.14217
82.23601
80.97473
80.10531
79.13792
78.00727
76.96641
76.21944
75.74595
76.34189
76.47659
76.26842
76.43169
76.14597
76.08066
76.24801
76.37455
76.29291
76.06025
76.17454
76.40312
76.33781
76.25617
75.82758
75.62758
75.47655
75.399
75.33369
75.66431
75.7786
75.39083
74.67244
74.49284
75.14592
75.88881
76.42761
76.50108
76.65619
76.43577
76.38679
76.15413
75.68064
75.37042
75.37451
75.01939
74.93775
74.83979
74.79897
74.89693
74.50508
74.4561
74.16629
73.74995
73.86832
73.65607
73.43157
74.03976
73.96628
74.55815
75.00714
75.78677
76.38271
76.46435
76.77048
76.97049
76.91743
76.93375
76.93375
76.26026
75.81942
75.24389
74.80713
75.24389
75.82758
76.68068
76.91334
76.7215
77.07662
77.14192
77.49296
77.44806
78.03992
78.46443
78.83179
78.95424
79.15425
79.14609
78.72158
77.4603
76.64394
75.93371
75.3092
75.01122
74.64386
74.14588
74.52957
74.58672
74.71734
74.84795
74.60305
74.50916
74.73774
74.33773
74.52957
74.10915
74.19078
73.86424
73.62749
73.84383
74.50508
74.77856
74.81938
75.06837
74.91326
75.42757
75.71738
76.30516
76.89702
76.86436
76.7664
76.27658
76.25209
76.2276
76.30516
76.01127
75.51329
75.05204
74.92551
75.04796
74.30916
73.66831
73.39891
73.36626
73.38667
73.34585
73.2234
73.25605
73.50096
73.6928
74.05608
74.57855
75.09286
75.34593
75.20715
75.68472
76.05208
76.26842
76.33781
76.23168
76.46435
76.56639
77.15825
77.34193
77.28071
77.20723
77.06437
77.55419
77.44398
77.26846
77.51745
77.52561
77.03172
77.00314
77.19499
77.31744
77.04396
77.7746
77.68072
77.42357
77.61133
77.75011
77.80726
77.55419
77.44398
77.33785
78.12564
78.29707
78.38687
78.69301
78.44402
78.67668
79.09711
79.44814
79.2563
79.29303
79.10119
79.02772
79.29711
79.29711
79.27262
79.19915
79.19507
79.43181
79.46855
79.29303
79.4114
79.58284
79.11343
78.34197
78.43994
78.81138
79.20731
79.31344
79.41957
79.4563
79.10119
78.59913
78.48484
78.39912
78.30524
78.51341
78.28075
78.34605
78.30116
78.35422
78.26034
78.21136
77.82358
77.62358
77.84808
77.99094
78.54606
79.46039
80.51349
80.95432
81.41149
81.92987
81.96661
82.08906
81.97886
81.46863
81.02372
80.56655
80.40736
79.88898
79.25221
78.26034
77.61133
77.5501
77.65623
78.51341
79.1665
80.05225
80.57472
81.04412
81.33393
81.42781
81.14209
81.28495
80.59921
80.17878
80.02367
79.73795
80.08898
80.61145
80.69309
80.94208
81.01555
81.4074
81.82375
81.4074
81.83599
82.77073
83.19115
82.84012
82.80746
82.82787
82.98298
82.99931
83.06053
83.6728
84.58713
85.06878
84.45243
83.82383
83.35442
83.3136
83.20748
83.383
83.99118
84.62386
85.81167
86.52598
87.73011
88.41994
89.19548
89.79142
90.11796
90.3343
90.38736
90.42002
90.00776
89.68121
89.44855
89.54651
89.35875
88.922
89.47304
88.91383
88.53423
87.52602
86.57904
85.83207
85.45655
85.2198
85.48104
85.60758
85.44839
85.82799
85.64839
85.99943
86.17903
85.88514
85.18715
84.3463
83.93404
84.12996
83.61566
84.21976
85.24021
87.01171
87.65256
87.51378
87.34642
87.28111
86.90967
86.80762
86.50149
86.73823
86.46475
86.44026
86.04433
85.18307
85.18307
85.58717
85.3994
85.73003
85.85657
85.97902
85.93412
85.97086
86.1627
86.028
85.83616
85.97494
86.13821
86.19535
86.30965
86.24025
86.13005
86.36271
87.08519
86.73415
87.23621
87.09335
86.8811
86.90151
86.48516
86.85661
87.28111
87.6199
87.575
87.61174
87.6199
87.93012
88.28115
88.79138
88.97914
88.85669
88.93832
89.0567
88.82812
88.6077
88.46484
88.08523
88.22809
88.08523
87.55051
87.39132
87.12601
86.30148
85.92187
85.69329
85.68105
85.24021
84.93
85.0647
85.10551
85.01163
84.7953
84.65652
84.10139
83.95037
84.19527
84.25242
84.6157
84.46875
84.67693
84.59937
84.84836
85.5341
86.028
86.19535
86.35046
86.28924
86.73415
86.48516
86.94641
88.17503
88.8322
89.41181
89.41181
89.73836
89.64448
90.02816
90.01592
90.12613
90.15062
89.63631
89.50161
89.32201
89.23221
88.61178
88.62811
88.922
88.93424
88.922
88.94649
88.54239
88.31789
88.33014
88.43218
88.67709
88.99955
89.59549
90.11388
90.63227
90.68533
90.53023
90.10164
89.78734
89.68121
90.00367
90.15878
90.53839
90.56696
90.5139
90.70982
91.03229
91.04453
90.89351
90.95065
90.97922
91.27719
91.35475
91.4323
91.4323
91.53027
91.47312
91.20372
90.86902
90.46492
89.62407
88.46484
88.04441
87.49337
87.15866
87.51378
88.1138
88.27299
88.44851
88.48524
88.79546
88.46892
88.13013
87.94236
87.6648
86.93824
86.44843
86.18311
86.06066
85.07694
84.1667
84.10547
83.6279
83.47688
83.92179
84.58713
85.18307
85.62798
86.11372
86.72191
86.72191
86.99539
86.90559
86.83212
87.1056
87.18723
87.05253
86.70558
86.76273
86.40761
85.42798
84.94224
84.98306
85.00755
85.10551
85.49329
85.57492
85.76268
85.34226
84.86877
84.77897
84.99122
85.05653
85.39124
85.53819
86.06066
86.41985
86.57088
86.51374
85.86881
85.82391
84.71774
84.4361
83.57484
82.90951
82.74215
82.4401
82.62786
82.50133
82.98706
83.3381
83.39932
83.75036
83.64423
83.61566
83.45647
83.57484
83.97894
84.63203
85.19531
85.2198
85.36675
85.72595
85.83616
85.83207
86.00759
85.97086
86.35046
86.12596
86.00351
86.13821
86.22393
86.37087
86.77089
86.59945
86.86069
86.39944
84.91367
83.41973
82.32581
81.94212
81.42373
81.09719
80.88493
80.26042
80.2196
80.19511
80.40736
80.37471
80.5339
80.90942
80.86861
80.67676
80.68084
80.34614
80.23593
80.54206
81.18291
81.36659
80.99106
81.24005
81.96661
82.09315
82.2156
82.68093
82.77073
83.01972
82.87685
82.6197
81.8564
81.85232
81.16658
80.82779
81.00739
80.50941
80.51349
80.04817
79.27262
78.95832
78.95424
79.06853
79.11752
78.83995
78.50933
78.24809
77.85624
78.00727
78.18278
78.11747
78.20319
78.21952
78.32156
78.30524
78.41545
78.41545
78.52974
78.57872
78.63178
78.63178
78.51749
78.47667
79.23181
80.10939
80.60737
80.938
81.44006
82.43602
82.82787
82.75848
83.04829
83.28095
83.30136
83.41973
83.24013
83.19115
83.04829
83.01972
82.56664
82.08906
81.87273
81.61966
81.43598
81.37883
80.91351
80.67268
80.21552
79.26446
78.61545
78.02767
77.66848
77.36234
77.44398
77.02763
76.46026
76.28475
76.68476
77.58684
77.90522
77.89298
77.75828
77.81134
77.81542
77.82358
78.48484
78.45626
78.27666
78.29299
78.64811
78.69709
78.5379
78.23585
77.95012
77.45214
76.98273
76.46435
76.17046
75.98677
76.14188
76.07249
76.12556
75.90106
75.97045
75.93371
76.39904
77.02355
77.08478
77.14192
77.26438
77.28887
77.45622
78.11747
78.4032
78.39912
78.5828
78.46035
78.71342
78.68893
78.57055
78.66035
78.50933
78.49708
78.75015
79.1665
79.44406
79.55835
79.88898
79.26446
78.93383
78.77873
78.83587
78.54606
78.60729
78.62362
78.52974
78.68484
78.85628
79.13384
79.11343
78.83587
79.12976
79.44814
79.52569
80.22776
80.75023
80.41553
79.7706
79.22364
78.79505
78.46035
78.19911
78.82363
78.51749
78.84403
79.15017
78.99914
79.79918
80.27675
80.41961
80.69717
80.8931
81.24821
81.56251
81.64823
81.70538
81.87273
81.32577
80.78697
80.7584
80.93392
80.59921
80.56247
80.48084
80.34614
80.11756
80.06041
79.35018
78.75423
78.39095
77.76644
77.3705
76.71334
76.81538
76.3174
76.26026
76.21944
76.01127
76.33781
76.32556
76.74191
76.6766
76.42353
76.45618
76.53782
76.98273
77.06437
77.04804
77.04804
77.22764
76.8562
76.56231
76.79497
76.83579
76.46843
76.37455
76.74599
77.08478
76.98682
76.99498
77.06437
77.26438
77.38683
77.53786
77.44806
76.87661
76.41945
75.80309
74.80713
74.64794
74.67244
74.36222
74.48467
75.12143
75.23164
75.61125
76.11331
76.946
77.02763
77.20315
77.38275
77.07662
77.04396
76.88069
76.7664
76.56639
76.61129
76.42761
76.48475
76.65619
76.58272
76.94192
76.86028
76.99906
77.47255
77.77868
77.61949
77.79093
77.62358
76.9011
76.6317
76.57047
76.25617
76.30107
76.77048
76.77864
76.59088
76.66844
76.89293
77.07253
77.06845
77.02355
77.13376
77.1256
77.34193
77.57051
77.37459
77.40724
76.89702
77.05621
77.02763
77.24805
77.80726
78.19503
78.73791
78.78281
79.28895
80.12164
81.48088
81.51761
81.68088
81.88906
82.15846
81.16658
80.17062
79.78285
79.16241
78.68893
78.30524
78.88893
79.28079
79.65223
79.7706
79.59509
79.79509
80.09715
80.06857
80.04817
80.31348
80.26858
79.97877
79.88898
79.82367
79.8604
79.66856
79.65223
79.47671
79.28079
79.00322
78.92975
79.0767
79.8604
80.64003
80.73799
81.43598
82.36255
83.23605
83.32585
82.47275
82.40336
82.29315
82.39928
82.57888
82.47275
82.20744
81.58292
82.46867
83.39932
84.23609
84.81571
85.78717
86.46067
86.66476
86.63211
86.6117
86.51782
86.28515
86.19535
86.28924
86.09331
86.32597
86.25658
86.36679
86.48108
86.66476
86.46067
86.08923
86.08515
86.3423
86.25658
86.28515
86.13005
85.45247
85.2443
85.85248
86.21985
86.65252
86.71374
87.09335
87.14641
87.31785
87.4852
87.84848
87.88522
87.64848
87.87297
88.41994
88.36279
89.41181
90.38328
91.10168
91.06494
91.57108
91.83232
91.67313
91.56292
91.2976
91.26903
90.84044
90.63227
90.1547
89.78326
89.7057
89.51386
89.00771
88.9669
88.8322
88.97506
89.17099
89.39549
89.75877
89.88938
89.44447
89.2118
88.78322
88.66893
88.72199
88.09747
88.07706
87.73828
87.49745
87.4852
87.12192
86.926
87.28111
87.75052
87.86481
88.17095
88.15462
88.19952
88.11788
88.26075
88.13829
87.92196
87.78726
87.65664
87.4852
87.61174
87.76685
88.024
88.08115
88.55055
89.50569
89.88938
90.71391
91.3425
91.77517
91.77926
92.07315
91.93436
92.25683
92.25275
92.15886
91.90171
91.41598
91.33026
91.32209
91.10984
90.97106
90.37104
90.31797
90.15878
90.08939
90.09756
90.11796
89.78326
89.31385
89.1669
89.15874
88.97098
88.75872
88.6077
88.19544
87.9791
87.99135
88.024
88.46892
89.08527
89.33426
89.68529
89.50978
89.7955
89.91387
89.37916
89.40365
88.98731
88.54647
88.21176
88.59953
88.48116
88.92608
89.63223
89.73427
89.87306
89.91796
90.04857
89.9302
90.08939
89.46079
88.70974
88.58729
88.64443
89.07711
88.7873
88.10972
87.46479
87.43214
87.04437
86.98314
87.28928
87.36683
87.57092
87.99543
88.54239
88.26483
87.86073
87.94645
87.85665
87.57908
87.50969
87.65256
87.65256
87.7546
87.85257
88.30156
88.73015
89.08935
89.71795
90.79146
91.06902
91.78334
92.70991
93.0936
93.53443
93.50994
93.19156
93.05686
92.25275
90.83228
90.54655
90.40369
90.53023
90.36287
90.57104
91.08943
90.84861
90.75064
90.66901
90.19552
89.32609
89.38732
89.3914
89.63223
90.19552
90.03633
89.70162
89.74652
89.54651
89.36283
89.37099
89.64039
89.79958
89.83632
89.78326
90.24042
90.19144
90.17511
90.60778
91.01596
91.1425
91.73844
92.13029
91.99967
92.23234
91.86906
91.04861
90.36695
89.70978
89.84857
89.95877
90.57513
90.54655
90.68125
91.15066
91.15066
91.39557
90.97514
89.93428
89.06486
88.19952
87.62398
87.56276
88.00767
88.35054
88.48524
88.61994
88.5628
88.53423
88.59137
88.76689
88.67301
88.66893
88.2934
87.9791
87.46888
87.16682
87.08111
87.30152
87.90155
88.73015
89.0567
89.29752
89.22813
89.15466
89.35467
89.49345
89.21589
89.17099
89.04037
88.97506
88.71791
88.5628
88.83628
89.28936
90.36287
90.51798
89.86489
89.14241
88.27299
87.8893
87.48929
87.85665
88.37095
88.90159
89.85265
90.38328
91.21189
91.43639
91.54251
91.31393
91.65272
91.71803
91.42414
91.08535
90.93841
90.48124
90.37512
90.72207
90.41185
90.31389
89.73019
89.56692
89.43222
89.23221
88.90567
88.5179
88.17911
87.81991
87.65664
87.62398
87.55051
87.34642
87.44439
87.37091
87.19131
87.28111
87.53827
87.8893
88.44851
88.66893
89.29344
89.40365
89.39549
89.81999
89.93428
90.08123
90.08531
90.22001
90.01592
89.53835
89.42406
89.02404
88.27299
87.91379
87.27703
87.04845
86.75456
87.05661
86.41985
86.88518
86.37087
86.04841
86.10147
86.44026
86.50965
86.35455
86.48924
86.58721
86.35863
86.33005
86.24434
86.24025
86.44843
86.40353
86.71783
86.70558
87.00355
86.84436
86.62394
86.59945
86.93008
87.55051
87.99135
88.35054
88.18727
88.45259
88.06482
87.60766
87.62807
87.19948
87.04029
86.74232
86.67701
86.58721
86.48108
86.41985
86.53006
86.00759
85.48104
85.36267
85.22389
84.89326
84.86061
84.55039
84.49324
84.27283
84.5259
84.7055
85.13409
85.59125
85.77493
85.41573
84.65243
84.1218
84.15037
84.21568
84.34222
85.03204
85.4443
85.23613
85.17899
84.84836
85.04429
84.41977
84.90551
85.70554
85.7586
86.3423
86.90559
87.04029
87.54643
87.92604
88.87302
88.78322
88.45667
89.2363
89.45263
90.68942
89.79142
89.44039
90.31389
89.28528
89.68529
89.08119
88.82403
89.0118
88.87302
89.13017
89.26895
89.46079
90.44451
90.31797
