20.71781
22.59704
25.18484
27.66482
28.06531
29.12816
29.95995
28.92791
26.75601
24.10659
21.93469
22.96673
23.62908
22.59704
22.11953
21.25693
19.33148
18.62292
17.57548
17.76032
17.34442
15.9581
13.10844
12.12261
11.16759
9.33457
8.57979
7.16266
9.13432
10.93654
13.84781
19.02341
22.68946
24.32224
25.81639
27.24892
27.77264
28.15773
29.7597
29.85213
30.191
30.28343
30.71473
31.50031
31.66975
31.79298
30.89957
30.80715
29.88293
30.09858
29.79051
30.77634
30.49908
30.11399
30.05237
30.00616
28.49661
26.78681
25.23105
22.87431
22.31978
20.22489
19.00801
16.86691
15.75786
12.76956
11.49107
10.95194
11.35243
10.85952
10.10474
10.52064
9.62723
9.08811
6.66975
3.57363
-0.64695
-2.86506
-5.79174
-7.73259
-10.50524
-11.59889
-10.39741
-10.05853
-14.01725
-17.26741
-19.23906
-22.22736
-23.18238
-23.84473
-25.12323
-25.66235
-24.69193
-22.8589
-20.6716
-21.14911
-18.48429
-15.37277
-11.87616
-8.82625
-7.73259
-6.66975
-7.17807
-7.70179
-8.08688
-8.65681
-10.41282
-11.90696
-12.58472
-12.35367
-10.87492
-9.64264
-9.84288
-9.82748
-9.9199
-12.84658
-14.41774
-13.83241
-13.64757
-12.46149
-12.98521
-15.04929
-18.60752
-22.78189
-26.38632
-29.00493
-29.7443
-29.49784
-29.92914
-30.03697
-30.52988
-28.97412
-26.7098
-24.70733
-21.79606
-19.68577
-17.20579
-15.54221
-14.6488
-15.43438
-13.83241
-14.81824
-15.78866
-15.97351
-17.20579
-17.45225
-18.14541
-18.31485
-18.5151
-19.60875
-19.8244
-19.31608
-20.53296
-19.76278
-20.94886
-23.41343
-24.67652
-27.12569
-31.70055
-34.21134
-36.46026
-37.09181
-38.23167
-40.34196
-39.04806
-38.63216
-38.75539
-36.70672
-33.54898
-30.03697
-26.17067
-24.5533
-22.79729
-19.50092
-18.19162
-15.71165
-11.99938
-9.33457
-6.30006
-5.46827
-1.69439
1.41713
5.08318
6.63894
9.30376
13.26248
13.64757
16.43561
14.40234
12.4923
9.88909
4.313
3.23475
4.03574
4.35921
5.93038
7.3475
9.0727
9.10351
9.02649
9.65804
10.3358
9.98152
10.93654
11.69131
12.52311
16.34319
19.22366
20.91805
20.74861
21.1029
19.94763
19.26987
17.37523
17.69871
17.94516
18.59211
20.44054
20.65619
21.73444
21.79606
23.2748
23.07455
23.87554
25.50832
27.26433
27.01787
26.21688
23.73691
22.68946
23.56747
23.08996
23.76771
23.6907
24.90758
27.18731
30.48367
33.68762
36.82994
37.09181
39.98768
42.74492
42.96057
44.00801
46.47258
50.16944
49.70733
49.21442
47.81269
46.68823
46.58041
46.04128
44.54713
41.54344
38.90943
36.93777
33.41035
29.59026
24.30684
19.8244
18.33025
17.08256
15.81947
13.84781
12.5077
11.82994
10.45903
10.07394
9.51941
8.36414
8.53358
7.22428
7.85582
9.68885
12.03019
14.67961
17.2212
17.26741
16.00431
13.73999
15.43438
18.86938
21.22612
22.68946
20.74861
20.82563
20.08626
20.28651
20.19409
21.14911
24.04498
26.52495
27.61861
27.95749
27.49538
26.06285
23.87554
20.7024
17.69871
14.58718
9.59643
6.30006
3.82009
1.07825
-2.21811
-6.19224
-9.56562
-11.05977
-11.53728
-13.15465
-11.56808
-11.42945
-10.92113
-10.59766
-9.65804
-9.0419
-8.94948
-7.27049
-6.76217
-6.34627
-7.08564
-8.04067
-7.85582
-6.66975
-6.60813
-5.22181
-3.12693
-2.51078
-2.40296
-3.12693
-5.69932
-8.27172
-11.35243
-14.20209
-13.64757
-15.03389
-15.01848
-16.28158
-16.72828
-15.18792
-17.39063
-16.17375
-15.85028
-14.09427
-12.15342
-10.19717
-6.9008
-7.3167
-7.23968
-6.4541
-6.73136
-7.27049
-9.24214
-11.13678
-11.87616
-13.55514
-14.60259
-16.26617
-17.20579
-17.29821
-18.43808
-18.93099
-20.00924
-21.82686
-22.31978
-23.02834
-23.92175
-25.75478
-24.5687
-23.65989
-24.122
-25.06161
-26.15527
-23.87554
-24.76895
-24.5687
-25.20025
-26.54036
-25.81639
-25.26186
-23.32101
-23.13617
-20.81023
-18.0992
-18.77696
-18.14541
-15.75786
-14.24831
-13.3703
-12.98521
-13.10844
-11.02896
-9.75046
-7.14726
-4.66728
-2.54159
-1.04744
-3.55823
-4.00493
-2.61861
-3.69686
-4.18977
-3.09612
-2.83426
-3.23475
-6.26925
-6.08441
-6.70055
-5.29883
-3.72766
-4.92914
-4.54405
-4.37461
-3.0345
-3.38879
-2.54159
-2.32594
-2.83426
-1.03204
1.40173
2.64941
2.71103
2.41836
2.74184
4.15896
4.65188
9.4886
13.87862
17.83734
22.10413
21.14911
20.94886
20.65619
19.85521
18.63832
18.00678
16.89772
15.91189
16.15835
17.99137
17.05176
13.98644
12.60012
13.52434
15.61922
17.28281
18.80776
19.17745
17.20579
11.93777
7.51694
3.66605
-1.43253
-4.94455
-10.38201
-14.6642
-15.85028
-17.56007
-16.68207
-14.15588
-10.19717
-6.06901
-0.15404
4.97535
8.1947
11.56808
13.69378
13.81701
15.37277
16.74368
15.61922
17.14418
19.8398
21.41097
23.67529
26.81762
29.11275
31.11522
32.13185
31.80838
32.02403
31.30006
28.23475
23.65989
21.1337
17.35983
14.00185
12.26124
10.89033
10.52064
10.75169
11.73752
14.55638
16.97474
16.60505
19.23906
19.8244
21.1029
20.50216
18.33025
16.86691
14.80283
14.60259
14.41774
12.52311
9.10351
7.22428
5.65311
4.95995
4.62107
5.26802
6.40789
7.64017
9.73506
10.47443
9.65804
9.02649
9.33457
9.55022
9.39618
9.51941
8.11768
10.55145
10.28959
6.25385
4.52865
1.98706
1.55576
-1.38632
-2.38755
-2.51078
-2.04868
-0.49291
-2.1565
-4.91374
-6.19224
-2.84966
-1.41713
-0.23105
1.86383
1.43253
2.24892
0.77018
-1.98706
-1.81762
-0.93962
-1.2939
-0.15404
0.72397
0.98583
1.44794
-1.7252
-4.26679
-8.6414
-10.79791
-13.53974
-15.71165
-14.91066
-16.42021
-17.6679
-18.13001
-16.48182
-16.92853
-16.75909
-15.83487
-15.03389
-12.87739
-13.66297
-16.05052
-17.57548
-16.21996
-14.27911
-10.25878
-5.83795
-3.35798
0.27726
2.11029
5.08318
7.14726
7.99445
8.44116
9.01109
9.62723
10.7825
11.13678
11.15219
8.10228
4.34381
1.18608
-1.7406
-0.95502
-1.24769
-0.13863
-0.75478
-1.26309
-2.77264
-5.74553
-6.60813
-9.28835
-12.46149
-14.2329
-15.44978
-15.32656
-14.47936
-12.0764
-10.24338
-7.87123
-4.62107
-2.03327
3.14233
4.66728
4.55946
7.50154
9.18053
13.57055
16.46642
17.69871
21.61121
23.62908
25.92421
28.25015
31.0382
30.43746
27.91128
27.32594
23.33641
23.36722
24.5533
22.88971
22.93592
21.34935
18.46888
15.12631
11.49107
8.08688
4.62107
1.57116
-0.70856
-1.15527
1.60197
4.313
6.09982
8.81084
11.46026
12.32286
13.7862
15.46519
17.83734
18.82317
20.04005
20.73321
20.99507
20.74861
21.91929
24.64572
24.5533
23.58287
22.8435
22.65866
22.75108
22.76648
19.87061
17.97597
13.69378
12.0764
10.84412
10.61306
12.35367
12.66174
11.04436
10.3358
11.93777
10.95194
10.25878
9.02649
9.39618
9.95071
9.79667
11.01356
13.46272
14.37153
15.81947
13.77079
14.24831
18.74615
20.42514
20.82563
21.1029
21.45718
21.1183
20.6716
20.79482
22.8435
24.90758
27.55699
26.21688
22.96673
20.14787
16.97474
14.81824
13.38571
12.98521
14.37153
16.374
17.63709
18.9618
20.37893
19.94763
20.85644
23.49045
24.66112
26.40173
29.23598
33.85705
35.81331
38.73999
41.17375
42.49846
44.809
47.8281
51.41713
52.37215
53.49661
53.23475
52.27973
50.64695
46.82686
47.44301
49.63031
49.09119
47.47381
45.54837
40.83487
34.96611
31.79298
26.7098
22.38139
18.25323
12.53851
6.50031
1.52495
-1.91004
-3.12693
-5.71473
-10.13555
-14.57178
-19.16205
-20.85644
-21.41097
-22.8435
-21.61121
-19.47012
-21.36476
-19.76278
-18.57671
-16.32779
-13.46272
-12.18423
-6.08441
-3.23475
-0.13863
3.51201
2.32594
-0.73937
-3.71226
-4.91374
-6.50031
-8.08688
-9.53481
-12.12261
-13.43192
-13.04683
-12.95441
-13.69378
-14.30992
-14.38694
-15.55761
-18.71534
-20.22489
-25.06161
-31.23845
-37.27665
-41.68207
-45.00924
-47.98213
-48.02834
-49.89217
-52.26433
-54.15896
-53.92791
-55.5915
-57.7634
-57.88663
-57.39372
-59.30376
-59.44239
-58.87246
-61.13678
-62.69254
-64.61799
-69.20826
-73.52126
-75.49291
-74.93839
-75.55453
-76.35551
-78.17314
-83.33333
-86.46026
-90.58842
-92.31362
-93.68453
-95.08626
-97.70487
-99.93839
-100.0
-98.49045
-96.71904
-95.77942
-95.47135
-94.3777
-91.94393
-89.60259
-86.41405
-84.73506
-81.19224
-78.78928
-75.06161
-70.50216
-65.9581
-61.42945
-58.76463
-56.28466
-56.09982
-56.19224
-56.83919
-57.3167
-57.85582
-58.81084
-60.18176
-60.44362
-57.3475
-57.14726
-59.18053
-60.18176
-61.70672
-62.58472
-63.55514
-64.10967
-63.30869
-61.46026
-62.53851
-65.66543
-66.03512
-64.27911
-62.4923
-61.29082
-59.62723
-59.08811
-60.38201
-60.7671
-60.30499
-61.02896
-60.52064
-59.85829
-59.45779
-60.10474
-59.41158
-56.97782
-56.23845
-55.94578
-55.54529
-55.99199
-56.4849
-56.28466
-57.08564
-56.77757
-57.03943
-56.93161
-57.10105
-59.53481
-61.49107
-61.01356
-60.62847
-59.33457
-57.11645
-55.39125
-53.85089
-53.60444
-50.81639
-48.84473
-48.22859
-45.50216
-42.29821
-39.57178
-35.24338
-28.83549
-22.58164
-15.35736
-9.76587
-7.03943
-3.98953
-0.50832
2.34134
4.57486
8.98028
14.32532
17.56007
17.88355
19.65496
19.42391
17.52927
18.40727
17.32902
18.02218
17.52927
17.29821
17.57548
14.61799
14.75662
14.37153
12.63093
13.43192
16.00431
16.374
16.65126
16.12754
13.29328
13.55514
14.77203
18.03758
19.54713
20.2557
21.74985
21.5496
23.15157
27.69563
33.44116
34.79667
36.18299
38.17006
40.5268
41.86691
43.43808
46.1029
49.66112
50.90881
51.18608
52.66482
52.1411
56.08441
58.87246
59.71965
60.98275
62.09181
60.7825
58.47197
58.13309
57.64017
55.79174
56.9008
59.82748
61.05977
60.55145
60.18176
60.38201
61.86075
64.74122
68.22243
73.56747
77.27973
79.2976
80.71473
84.28835
86.99938
89.55638
91.91312
91.86691
92.59088
91.94393
89.49476
88.77079
87.61553
86.49107
84.58102
82.37831
80.46827
75.40049
68.45348
63.04683
57.90203
52.1411
48.16697
45.91805
44.14664
43.42267
43.57671
43.76155
40.9427
38.50893
37.58472
33.94948
34.0573
34.51941
33.94948
34.98152
36.1984
34.24214
33.73383
33.1793
32.54775
34.98152
39.2175
42.72951
43.83857
45.2557
46.65742
48.22859
50.29267
53.14233
53.8663
52.84966
51.77141
51.00123
48.16697
45.56377
44.54713
43.9618
41.31238
39.35613
35.82871
33.56439
31.11522
29.45163
27.01787
23.93715
22.50462
19.08503
16.3894
11.2138
7.68638
4.22058
0.8472
-0.53913
-1.3093
-0.67776
0.73937
0.27726
0.92421
-1.00123
-1.06285
-2.31054
-5.56069
-8.84165
-10.44362
-12.4923
-18.57671
-24.16821
-27.95749
-28.06531
-28.75847
-28.75847
-31.50031
-32.13185
-32.57856
-35.22797
-38.06223
-39.38694
-38.09304
-37.64633
-36.70672
-32.14726
-29.35921
-28.40419
-26.50955
-26.47874
-26.2785
-25.98583
-24.49168
-23.41343
-22.13494
-19.00801
-16.74368
-17.43685
-16.97474
-17.74492
-17.60628
-16.63586
-19.31608
-20.37893
-21.71904
-24.26063
-25.75478
-28.48121
-30.48367
-34.02649
-40.38817
-45.45595
-48.6907
-48.65989
-49.49168
-49.75354
-49.73814
-49.59951
-51.12446
-53.97412
-55.6069
-57.30129
-57.16266
-57.28589
-59.44239
-60.24338
-59.01109
-57.80961
-56.09982
-54.06654
-50.26186
-48.01294
-45.14787
-40.9427
-38.30869
-37.12261
-36.66051
-34.08811
-31.36168
-30.1756
-29.97535
-29.54405
-29.62107
-30.48367
-30.191
-31.0228
-33.25632
-37.16882
-41.14295
-44.50092
-48.38262
-49.66112
-50.36969
-51.04744
-48.92175
-46.70364
-46.17991
-44.76278
-43.57671
-41.29698
-41.74368
-41.7899
-38.13925
-35.3358
-33.27172
-31.71596
-30.66852
-30.23722
-25.93962
-24.32224
-23.44424
-21.68823
-19.23906
-16.18916
-14.09427
-11.33703
-10.62847
-9.71965
-9.19593
-8.31793
-7.48614
-3.40419
-0.80099
-0.55453
-1.09365
-1.03204
-3.04991
-6.68515
-8.25632
-7.70179
-6.74677
-6.0382
-4.12816
-3.23475
-1.54036
0.04621
1.80222
1.18608
2.20271
3.49661
3.63524
2.66482
2.27973
0.78558
2.01787
2.98829
4.60567
5.11399
6.80838
10.22797
10.79791
13.44732
13.8016
16.20456
17.46765
17.252
14.58718
13.53974
11.24461
8.93407
7.3167
6.4849
6.37708
7.62477
7.23968
9.18053
13.21627
14.81824
15.38817
15.85028
17.28281
17.80653
18.00678
15.24954
14.17129
12.53851
13.10844
12.76956
14.15588
15.97351
17.35983
16.69747
15.75786
14.61799
12.41528
9.28835
5.37585
3.0345
-0.49291
-1.47874
-1.41713
-2.5878
-5.56069
-6.0382
-9.44239
-15.0955
-18.13001
-17.71411
-17.85274
-18.31485
-19.22366
-20.42514
-18.66913
-19.67036
-22.33518
-22.44301
-21.79606
-18.65373
-16.18916
-12.70795
-9.4732
-7.36291
-3.37338
0.0154
5.28343
8.1947
13.33949
16.28158
20.16328
23.2748
25.56993
29.40542
30.20641
30.79174
31.74677
32.65558
31.00739
29.86753
28.60444
27.04868
22.61245
20.57917
19.11583
15.89649
13.90943
12.30746
10.87492
8.67221
5.52988
5.1756
4.09735
1.89464
0.83179
-2.80345
-4.42083
-4.97535
-4.7443
-5.22181
-4.63648
-3.82009
-2.89587
0.95502
6.11522
13.95564
18.93099
18.5151
19.90142
19.8244
19.90142
19.4085
19.00801
20.2557
19.28527
19.11583
18.34566
18.17622
19.71657
21.17991
19.3931
19.96303
19.90142
18.91559
18.19162
16.09673
12.13802
8.1947
7.37831
7.07024
6.19224
5.91497
4.3284
3.09612
5.45287
7.67098
11.72212
12.04559
14.27911
15.80407
16.55884
17.74492
16.45102
17.29821
18.68453
18.5305
17.45225
16.92853
15.74245
14.81824
13.30869
10.42822
8.51818
10.07394
10.62847
11.09057
11.50647
11.84535
12.21503
11.78373
9.88909
9.13432
8.90327
8.87246
9.4886
10.7825
14.07887
17.85274
23.32101
24.72274
26.67899
30.32964
32.39372
32.93284
32.45533
31.36168
31.4849
31.80838
31.71596
33.45656
33.65681
33.82625
34.4732
35.81331
35.98275
36.22921
38.00062
39.10967
39.97227
40.71165
39.12508
38.13925
35.7671
31.62354
28.08071
25.78558
24.43007
22.72027
24.61491
24.95379
23.56747
23.45964
22.76648
24.5533
27.47998
26.67899
27.18731
31.13062
32.56315
30.82255
31.17683
31.00739
30.66852
33.28712
35.27418
37.56932
40.55761
41.3894
39.86445
36.35243
33.48737
29.15896
26.00123
23.92175
21.33395
18.65373
12.87739
7.37831
0.49291
-4.15896
-8.2101
-10.56685
-10.92113
-11.49107
-12.12261
-13.17006
-13.8016
-13.43192
-13.97104
-15.29575
-14.01725
-12.24584
-9.22674
-8.47197
-9.70425
-9.56562
-8.78004
-8.6414
-8.34874
-8.79544
-6.94701
-8.47197
-10.64387
-11.59889
-12.76956
-11.41405
-11.6297
-10.79791
-10.62847
-9.4732
-11.41405
-14.61799
-16.85151
-21.50339
-26.55576
-30.94578
-35.99815
-37.27665
-37.44609
-38.66297
-39.2175
-38.97104
-36.69131
-34.67344
-32.748
-30.85336
-29.14356
-29.02033
-27.98829
-28.0037
-27.92668
-27.1565
-27.38755
-27.18731
-25.35428
-24.95379
-23.36722
-21.91929
-21.565
-20.99507
-20.60998
-21.65742
-23.41343
-26.63278
-32.53235
-35.72089
-41.3586
-44.88601
-46.62662
-46.64202
-46.33395
-47.67406
-45.76402
-45.30191
-45.73321
-44.30068
-42.71411
-40.11091
-38.33949
-35.25878
-33.30253
-31.4541
-29.08195
-29.99076
-29.25139
-28.91251
-27.07948
-25.73937
-25.29267
-23.67529
-22.27357
-23.18238
-25.0
-25.95502
-27.01787
-29.37461
-32.48614
-33.31793
-35.25878
-36.07517
-37.13802
-39.55638
-41.45102
-43.16081
-44.8398
-45.47135
-45.48675
-47.15034
-47.98213
-46.73444
-42.77572
-39.34073
-33.84165
-28.66605
-24.75354
-19.96303
-16.29698
-13.8016
-12.27665
-11.1984
-8.05607
-6.14603
-3.85089
1.94085
6.19224
9.41158
9.58102
9.56562
7.82502
8.53358
10.25878
11.36784
11.93777
9.70425
7.50154
6.96242
7.62477
5.08318
2.38755
2.71103
1.41713
-0.10783
0.18484
-1.91004
-4.69809
-5.89957
-6.06901
-5.45287
-3.8817
-1.69439
2.80345
7.14726
10.38201
11.59889
11.52187
10.72089
11.41405
14.57178
15.32656
17.15958
17.52927
15.83487
14.72582
11.35243
10.21257
10.3512
10.56685
10.05853
12.09181
13.06223
10.45903
9.14972
8.02526
7.59396
6.99322
6.62354
5.28343
5.45287
9.39618
13.69378
15.69624
19.33148
24.63031
31.19224
34.08811
35.58226
36.41405
36.44486
37.66174
36.22921
36.39864
35.70548
33.96488
31.80838
30.93038
29.34381
30.46827
31.83919
30.51448
31.36168
31.76217
30.1602
28.29636
26.60197
23.82933
20.81023
18.5151
17.96057
14.60259
13.03142
12.55391
10.96734
12.86198
15.11091
14.69501
15.66543
17.19039
17.54467
18.0838
20.00924
23.35182
23.65989
25.46211
27.46457
28.69686
29.89834
31.70055
34.68885
34.33457
32.45533
31.57733
31.73136
30.20641
27.61861
23.87554
21.14911
20.44054
18.73075
18.99261
18.65373
20.07086
23.2594
23.76771
24.5533
23.79852
24.46087
23.79852
25.33888
26.7252
25.81639
27.29513
28.49661
31.86999
33.16389
35.47443
38.53974
41.31238
41.58965
41.48182
40.91189
41.05052
40.65003
37.89279
39.15588
40.66543
41.75909
42.71411
43.48429
43.40727
43.20702
40.11091
39.09427
36.52187
30.80715
27.80345
24.27603
21.44177
20.07086
17.62169
14.95687
11.99938
10.65927
10.65927
8.82625
7.71719
6.22304
6.09982
5.03697
5.00616
3.06531
1.84843
0.38509
-2.81885
-3.66605
-3.61984
-3.57363
-4.14356
-3.18854
-1.2785
-0.55453
0.07702
3.51201
4.15896
5.36044
5.56069
5.39125
5.6223
4.65188
4.11275
3.35798
0.61614
-1.40173
-2.37215
-3.23475
-1.37092
-0.46211
0.69316
-0.8472
-1.98706
-2.1411
-2.63401
-1.24769
-1.35551
-1.10906
-1.13986
-2.61861
-3.8817
-4.20518
-6.0536
-8.22551
-8.1793
-8.84165
-10.07394
-10.84412
-12.38447
-13.33949
-14.2329
-15.5114
-18.17622
-22.05792
-23.22859
-23.95256
-24.95379
-27.49538
-27.6032
-26.44794
-26.77141
-26.66359
-27.00246
-25.64695
-24.89217
-23.36722
-22.70487
-21.39556
-22.99754
-26.07825
-27.75724
-28.83549
-26.89464
-28.23475
-31.0536
-34.34997
-38.67837
-41.18916
-38.72458
-37.04559
-37.19963
-35.47443
-33.91867
-33.48737
-34.81208
-35.08934
-37.86198
-38.94023
-37.29205
-36.98398
-35.7825
-34.14972
-30.94578
-29.51325
-29.55946
-27.66482
-25.67776
-24.1528
-22.75108
-23.42884
-23.96796
-24.66112
-24.9846
-22.59704
-21.31855
-22.72027
-25.13863
-26.50955
-26.67899
-26.58657
-27.64941
-27.69563
-28.74307
-31.25385
-34.24214
-36.6297
-37.84658
-39.51017
-38.23167
-38.57055
-38.58595
-39.29452
-39.27911
-38.00062
-37.58472
-35.96734
-33.94948
-28.04991
-26.86383
-26.61738
-25.92421
-26.81762
-25.66235
-23.82933
-23.32101
-21.59581
-16.83611
-14.07887
-10.22797
-7.84042
-5.82255
-3.60444
-4.57486
-6.82378
-8.14849
-10.27418
-12.58472
-12.939
-11.96858
-10.3358
-10.01232
-9.9353
-6.8854
-4.02033
-2.38755
-0.30807
0.13863
0.81639
0.40049
0.33888
-1.3093
-2.01787
-0.92421
-0.75478
-2.61861
-4.89834
-4.11275
-1.34011
-0.12323
0.83179
0.8472
1.15527
2.47998
2.40296
2.92668
-2.21811
-5.99199
-9.18053
-10.24338
-12.72335
-14.72582
-14.00185
-13.83241
-12.53851
-12.16882
-10.3358
-11.15219
-11.16759
-12.80037
-14.47936
-16.26617
-17.45225
-17.76032
-19.99384
-20.85644
-22.48922
-21.05669
-16.74368
-15.31115
-12.96981
-10.70548
-9.9353
-7.42452
-2.18731
2.44917
5.5915
9.13432
12.10721
14.49476
14.43315
14.60259
14.38694
12.01479
10.92113
7.11645
1.7098
-3.61984
-9.24214
-14.44855
-19.22366
-20.79482
-24.5841
-26.86383
-27.32594
-27.47998
-27.77264
-27.41836
-27.1411
-27.43376
-25.61614
-25.35428
-24.73814
-25.78558
-24.5533
-20.31731
-17.19039
-12.89279
-10.01232
-10.47443
-9.02649
-7.07024
-7.56315
-7.79421
-7.03943
-4.51325
-3.0191
-1.47874
-0.92421
-2.89587
-3.57363
-4.40542
-6.42329
-10.61306
-11.78373
-11.79914
-11.46026
-11.59889
-12.23044
-9.53481
-7.97905
-6.17683
-4.45163
-4.92914
-7.25508
-9.01109
-9.67344
-7.93284
-5.63771
-2.12569
-1.63278
0.4159
3.29636
5.91497
9.99692
13.72458
15.0801
14.83364
18.05299
16.95933
19.76278
20.17868
17.91436
15.57301
13.67837
13.13925
11.86075
9.14972
2.47998
0.56993
-1.13986
-2.89587
-2.89587
-4.12816
-4.08195
-2.89587
-3.85089
-3.61984
-4.7443
-7.7634
-8.88786
-12.04559
-13.94023
-13.44732
-11.29082
-8.90327
-5.80715
-0.92421
2.32594
5.08318
6.40789
8.82625
11.12138
10.90573
11.27542
11.99938
11.02896
8.70302
6.30006
5.85336
4.313
4.57486
6.08441
5.11399
7.14726
10.48983
14.51017
17.02095
17.28281
18.82317
19.73198
23.39803
28.14233
30.65311
31.85459
32.40912
37.52311
41.46642
45.91805
50.66235
55.29883
59.33457
62.39988
65.58842
66.08133
66.95933
66.75909
66.83611
67.51386
66.86691
67.11337
67.91436
67.99137
69.10043
68.69994
67.29821
66.92853
63.04683
56.36168
53.31177
49.86137
44.53173
40.5268
35.07394
29.86753
26.21688
22.33518
19.91682
18.77696
19.48552
20.42514
19.88601
20.99507
21.38016
20.36352
22.62785
25.67776
28.0345
31.79298
36.02896
41.3586
44.67036
49.70733
53.78928
54.46704
53.98953
55.1602
56.60813
54.71349
54.86753
53.55823
51.66359
49.06038
46.93469
48.04375
46.38016
44.87061
42.252
38.77079
36.56808
30.63771
24.27603
20.59458
18.02218
15.20333
11.93777
8.24091
5.66852
1.95625
2.43376
4.71349
4.63648
6.20764
8.56439
7.30129
5.93038
6.31547
4.88293
4.11275
1.7406
2.35675
3.58903
5.00616
6.97782
8.27172
8.90327
9.87369
10.10474
9.75046
8.08688
6.54652
3.0037
-1.60197
-3.92791
-7.37831
-10.02773
-10.72089
-8.44116
-6.76217
-4.14356
-5.26802
-5.34504
-5.37585
-6.54652
-10.70548
-15.54221
-17.60628
-20.17868
-20.34812
-19.67036
-18.9618
-17.85274
-14.03266
-9.9199
-4.69809
-1.78681
-0.61614
-2.66482
-4.97535
-8.02526
-10.48983
-12.01479
-16.18916
-19.34689
-23.81392
-26.46334
-31.68515
-36.47566
-36.73752
-38.63216
-41.06593
-41.94393
-42.88355
-43.71534
-44.02341
-43.0838
-43.28404
-43.25323
-41.09673
-40.71165
-38.27788
-36.76833
-35.38201
-33.87246
-33.22551
-31.66975
-30.69932
-29.51325
-27.20271
-26.46334
-27.1411
-28.95872
-33.00986
-35.36661
-37.15342
-40.34196
-44.45471
-47.10413
-50.4159
-55.09858
-59.30376
-62.29205
-65.58842
-69.73198
-71.44177
-71.1183
-72.11953
-72.36599
-72.38139
-70.93346
-70.45595
-69.20826
-68.86938
-69.76278
-67.83734
-67.08256
-65.97351
-64.67961
-61.01356
-60.62847
-58.79544
-54.49784
-50.58534
-45.30191
-42.74492
-41.18916
-38.09304
-36.22921
-36.61429
-37.33826
-37.69254
-36.70672
-38.12384
-38.27788
-37.46149
-37.23044
-35.52064
-33.70302
-32.70179
-32.53235
-32.64017
-32.60937
-33.74923
-38.03142
-38.81701
-36.69131
-37.35367
-36.58349
-33.94948
-33.51818
-31.77757
-29.88293
-29.11275
-28.29636
-30.05237
-30.82255
-31.19224
-29.20518
-26.7252
-24.95379
-19.31608
-13.30869
-8.87246
-6.71596
-5.83795
-4.45163
-1.7406
0.56993
2.97289
3.35798
1.98706
1.75601
0.95502
-0.30807
-1.61738
-2.41836
-2.78805
-0.07702
2.64941
2.69563
0.4467
-1.80222
-2.5724
-4.35921
-2.54159
0.07702
-1.03204
1.20148
-1.81762
-3.91251
-0.4159
-1.06285
4.62107
3.15773
4.89834
10.38201
6.62354
11.6297
7.82502
6.0228
10.3358
7.97905
13.23167
16.12754
18.9618
23.84473
23.84473
27.06408
29.06654
27.88047
32.05484
30.45287
27.78805
24.84596
19.71657
16.69747
15.9273
16.49723
17.56007
19.77819
21.33395
23.2902
27.46457
30.77634
34.55022
36.89156
40.0801
41.55884
40.85028
40.75786
42.09797
41.74368
41.72828
41.99014
41.75909
41.05052
41.68207
43.83857
44.34689
45.05545
45.34812
46.59581
46.9809
47.18115
47.31978
46.74985
45.93346
45.54837
43.22243
42.17498
42.26741
41.74368
42.12877
41.89772
43.14541
46.1183
48.89094
51.58657
54.09735
57.62477
61.1984
62.78497
64.46396
66.08133
66.91312
66.09673
66.63586
67.71411
67.48306
66.8207
67.19039
66.29698
67.6833
69.51633
70.2403
72.10413
72.81269
74.04498
74.64572
77.11029
78.12693
78.52742
78.26556
76.94085
76.43253
75.61614
74.19901
72.92052
72.88971
73.30561
73.90635
