31.79753
31.89487
32.34912
33.17651
33.35496
33.48475
32.5438
32.44646
31.47307
31.70019
31.37573
32.41402
32.122
31.71642
31.65152
31.60286
30.01298
28.2122
26.57365
24.0915
23.50746
21.3011
20.01947
17.76444
16.59637
13.44906
12.10253
11.53472
11.95652
11.43738
10.64244
11.08047
10.13952
9.57171
7.02466
3.76379
-0.68138
-3.01752
-6.09994
-8.14406
-11.06424
-13.91953
-14.90915
-16.12589
-19.15964
-21.65801
-22.19338
-21.60934
-21.54445
-21.77158
-22.09604
-23.06944
-23.24789
-23.68592
-23.50746
-25.29202
-24.01038
-22.35561
-21.64179
-20.44127
-20.74951
-21.82025
-23.24789
-23.92927
-24.31862
-24.41596
-24.36729
-24.95133
-25.16223
-25.56781
-25.35691
-25.0
-26.3303
-28.06619
-30.64568
-33.53342
-35.77223
-36.40493
-37.65412
-37.62167
-39.21155
-41.61259
-43.54315
-46.02531
-46.90136
-48.78326
-49.93511
-51.36275
-51.71966
-51.58988
-53.30954
-53.74757
-52.9364
-51.36275
-49.02661
-46.72291
-43.88384
-41.09345
-39.19533
-37.6379
-34.45814
-33.74432
-33.11162
-31.24594
-28.68267
-24.82154
-22.01493
-19.9708
-19.30565
-18.59182
-18.49448
-17.92667
-18.80273
-18.41337
-18.29981
-18.3647
-17.6671
-17.65088
-17.48864
-17.48864
-16.58014
-13.56262
-9.78261
-7.8196
-7.17067
-6.53796
-7.3329
-9.99351
-10.02596
-9.58793
-8.82544
-5.62946
-1.88189
2.87151
5.87281
8.85788
12.26476
15.94744
21.00909
24.0915
29.08825
33.09539
34.8475
35.57755
37.3621
39.09799
36.81051
37.26476
36.69695
37.23232
38.90331
39.42245
43.26736
47.58274
51.97923
54.94809
57.57625
61.04802
64.21155
65.44452
67.50487
68.54315
66.80727
66.72615
64.77936
64.90915
68.3647
72.98832
73.70214
73.50746
74.75665
76.65477
77.22258
75.35691
76.36275
76.49254
75.35691
74.46463
72.09604
68.3647
66.35302
63.95198
60.80467
57.3329
54.02336
48.6048
43.46204
39.82803
36.76184
33.27385
33.07917
32.98183
32.34912
32.122
29.49384
26.10318
23.10188
21.54445
16.79104
12.37833
9.23102
7.30045
3.81246
1.08696
0.22713
0.50292
-1.3952
-0.24335
0.63271
2.01168
3.86113
1.23297
-1.21674
-3.73134
-5.82414
-8.77677
-9.18235
-10.80467
-14.55224
-18.26736
-19.71123
-20.63595
-20.3926
-22.11226
-22.9072
-21.7878
-22.38806
-21.88514
-24.75665
-28.27709
-30.95393
-37.427
-41.95328
-43.47826
-45.16548
-46.77158
-46.88514
-47.87476
-52.14147
-54.59117
-54.75341
-53.634
-53.53666
-55.305
-58.40363
-60.3342
-61.32382
-62.44322
-61.92408
-61.01557
-59.3608
-58.22518
-55.97015
-53.634
-51.71966
-50.87605
-48.75081
-47.50162
-47.12849
-46.366
-47.85853
-48.41012
-49.10772
-47.87476
-47.61518
-44.79234
-44.19208
-43.1538
-43.41337
-43.88384
-41.32057
-41.04478
-40.44452
-39.14666
-35.49643
-31.65152
-26.41142
-22.29072
-18.51071
-16.02855
-12.97859
-9.81506
-7.10578
-4.25049
0.63271
6.1486
9.6366
10.77223
11.85918
12.23232
11.63206
12.68657
12.16742
11.98897
13.2706
15.29851
15.91499
14.99027
15.89877
17.3913
18.91629
23.08566
25.71382
28.84491
33.07917
37.47567
40.50941
42.09929
42.32641
43.44581
43.26736
41.92083
43.90006
46.20376
49.91888
54.20182
57.38157
58.48475
60.46398
60.35042
61.76184
64.4549
65.33095
67.73199
69.0623
71.20376
74.49708
76.93056
79.34783
80.22388
81.50552
80.77547
77.80662
76.23297
73.23167
71.34977
66.93705
62.88125
60.3342
58.01428
56.35951
55.19143
55.5159
55.09409
52.36859
47.87476
45.97664
44.11097
42.1804
40.24984
40.1525
41.70993
43.70539
45.40883
46.64179
48.08566
47.98832
46.366
45.96042
45.65217
43.73783
41.95328
40.81765
40.59053
37.94614
34.58793
33.01428
31.35951
30.38611
29.72096
26.23297
22.30694
18.18624
13.61129
9.76639
5.09409
1.00584
-3.95847
-9.00389
-11.0318
-15.13628
-19.2732
-23.19922
-26.21674
-28.32576
-30.85659
-26.76833
-24.5782
-21.13887
-18.1538
-19.09474
-19.90591
-23.6048
-26.817
-30.12654
-34.05256
-36.82674
-40.67164
-44.71123
-45.14925
-46.96626
-49.7891
-50.77872
-52.57949
-54.26671
-55.32122
-58.7281
-62.49189
-65.83387
-70.29526
-73.6697
-75.37313
-77.77417
-77.14147
-81.29461
-85.22064
-85.02596
-87.52433
-86.4536
-84.16613
-81.55419
-79.31538
-73.57236
-67.78066
-65.8501
-61.32382
-58.22518
-56.2135
-52.22258
-50.14601
-49.69176
-47.30694
-44.58144
-41.5477
-36.79429
-32.04088
-27.85529
-25.0
-23.45879
-21.59312
-21.366
-21.86892
-22.61518
-25.68138
-26.05451
-28.40688
-27.96885
-28.14731
-27.0279
-25.85983
-26.10318
-23.44257
-19.41921
-13.88709
-10.22064
-3.34199
1.6061
6.05127
11.89163
15.81765
17.37508
20.68462
24.43219
29.44517
33.09539
34.60415
37.10253
37.44322
37.52433
39.50357
39.82803
41.061
43.67294
46.25243
48.28034
48.91304
48.75081
50.12979
53.66645
55.77547
55.53212
53.13108
54.08825
54.67229
53.79624
54.03958
55.43478
57.20311
56.61908
55.43478
53.53666
50.68138
48.19922
44.51655
39.09799
37.37833
38.78975
39.58469
41.45036
44.61389
47.76119
50.92472
52.3037
51.86567
52.7904
53.40688
54.68851
55.59701
55.09409
55.14276
53.86113
51.93056
50.71382
47.46918
45.44127
43.34848
40.86632
38.31927
35.78845
33.7281
32.10578
33.06295
31.26217
29.96431
28.22842
24.25373
22.74497
19.61389
16.01233
14.50357
15.1525
15.97988
19.33809
22.42051
20.6035
21.21999
19.04607
18.54315
16.14212
13.38417
12.07008
7.25178
3.634
-0.01622
-3.79624
-8.37119
-10.9669
-12.29721
-12.26476
-13.18949
-13.01103
-13.56262
-14.01687
-15.88254
-18.94873
-22.6963
-27.49838
-30.49968
-36.37249
-40.05516
-42.53731
-46.12265
-45.84685
-44.84101
-43.47826
-41.85594
-41.82349
-40.23361
-42.09929
-42.06684
-43.34848
-44.17586
-42.32641
-42.32641
-40.91499
-42.00195
-39.84426
-36.81051
-34.37703
-30.25633
-27.23881
-22.25827
-19.59766
-19.32187
-17.29396
-17.63465
-17.01817
-15.34718
-14.0331
-12.31343
-13.40039
-16.23945
-18.38092
-21.91759
-23.36145
-24.49708
-25.09734
-21.9987
-20.4575
-17.14796
-12.92992
-11.0318
-10.07463
-10.62622
-9.66905
-7.28423
-5.27255
-2.3037
-1.62232
-0.82738
0.92472
3.45555
7.04088
12.39455
19.30565
25.19468
28.89358
33.09539
36.84296
38.30305
38.56262
38.7573
40.81765
40.97988
41.43413
41.12589
38.28683
35.83712
32.07333
27.85529
28.43933
31.57041
33.4523
36.14536
38.15704
39.84426
41.43413
43.68916
48.24789
51.00584
52.70928
55.06165
55.32122
55.43478
57.08955
57.34912
57.56003
59.23102
61.09669
65.10383
67.3913
68.72161
73.76703
75.95717
79.05581
80.43478
79.67229
79.29916
76.89812
75.12979
72.59896
70.99286
67.60221
63.87086
62.73524
61.19403
61.7294
62.05386
60.86957
62.24854
63.38417
61.68073
60.60999
60.57755
58.22518
55.90526
53.56911
50.30824
49.14017
50.60026
52.53082
55.25633
57.86827
61.11291
61.0318
59.31213
57.31668
56.66775
56.81376
55.12654
53.82868
51.58988
47.01493
41.36924
36.59961
29.08825
21.73913
15.54186
7.7547
0.92472
-4.08825
-10.35042
-15.03894
-21.21999
-27.66061
-33.30629
-38.7573
-40.21739
-40.03894
-42.11551
-41.32057
-40.81765
-44.56522
-46.95003
-49.54575
-50.06489
-51.1843
-53.16353
-52.83907
-53.35821
-52.70928
-50.97339
-54.51006
-56.45685
-53.97469
-51.80078
-50.76249
-50.38936
-50.68138
-52.31992
-54.85075
-55.75925
-55.45101
-54.47761
-50.81116
-50.63271
-53.22842
-55.0292
-55.43478
-58.61454
-61.64828
-63.88709
-64.30889
-64.63335
-65.91499
-67.22907
-68.20247
-70.23037
-71.83647
-70.14925
-73.47502
-75.25957
-74.85399
-73.26411
-74.44841
-72.84231
-70.55483
-70.68462
-69.19208
-66.59637
-66.72615
-71.10642
-71.75535
-71.90136
-72.56652
-71.86892
-74.04283
-75.68138
-75.77872
-77.7255
-79.21804
-80.17521
-82.30045
-84.3608
-82.41402
-80.41856
-77.06035
-74.12395
-71.56067
-70.6684
-69.72745
-67.56976
-63.69241
-61.38871
-59.53926
-56.13238
-53.22842
-47.79364
-43.42959
-39.77936
-35.25308
-29.00714
-25.68138
-22.14471
-19.695
-17.09929
-12.88125
-10.28553
-3.9098
0.74627
4.03958
10.93446
11.27515
8.35496
6.4244
3.14731
-0.06489
-2.83907
-4.28293
-4.88319
-2.25503
-1.94679
-3.29332
-3.26087
-2.9364
-2.7255
-3.52044
-6.26217
-10.22064
-15.76898
-21.15509
-25.2109
-28.73134
-29.26671
-29.08825
-26.00584
-26.1843
-26.37897
-23.24789
-21.13887
-18.02401
-16.2719
-14.29267
-11.01557
-9.57171
-9.08501
-7.88449
-9.02012
-9.60415
-11.22648
-14.71447
-15.93121
-15.67164
-14.81181
-14.43868
-15.3634
-17.31019
-18.83517
-19.46788
-19.50032
-19.45165
-21.31733
-22.76119
-26.26541
-31.03504
-33.89033
-33.46853
-32.30045
-32.28423
-33.32252
-35.48021
-35.48021
-34.50681
-33.17651
-35.56132
-35.26931
-34.8475
-34.73394
-34.53926
-33.04672
-31.74886
-34.92862
-36.71317
-39.50357
-40.07138
-41.49903
-43.44581
-44.9708
-49.04283
-51.99546
-52.70928
-54.3316
-54.86697
-54.6074
-56.47307
-55.77547
-55.71058
-58.61454
-59.00389
-59.00389
-57.62492
-57.07333
-58.17651
-57.80337
-57.13822
-53.86113
-48.24789
-41.02855
-36.6645
-36.11291
-35.5451
-34.87995
-35.35042
-36.12914
-35.93446
-34.89617
-36.04802
-37.32966
-38.3355
-39.97404
-40.37962
-41.061
-42.74822
-44.695
-46.77158
-49.62687
-52.33615
-54.21804
-55.67813
-58.20896
-60.95068
-63.25438
-63.78975
-64.19533
-64.244
-61.61583
-58.20896
-57.46269
-56.19727
-51.94679
-47.82609
-44.63011
-40.29851
-32.41402
-24.26995
-14.22777
-3.82868
3.40688
12.75146
19.32187
22.92343
27.9364
31.87865
35.72356
40.21739
45.97664
51.70344
53.58533
51.21674
50.68138
48.49124
46.41467
47.55029
47.03115
46.366
45.83063
47.19338
48.63725
45.61973
44.71123
43.77028
42.99156
44.695
45.48994
46.0902
45.16548
44.90591
41.74238
41.28812
42.82933
46.17132
48.63725
51.65477
56.16483
58.30629
60.09085
62.00519
64.244
64.04932
66.59637
68.47826
69.71123
69.695
71.85269
72.17716
72.56652
73.28034
74.96755
77.3037
77.10902
78.26087
79.91564
79.44517
80.45101
81.34328
78.73134
77.82284
75.47047
73.68592
68.64049
66.2719
65.94744
64.73069
63.5464
63.7573
64.34134
65.80143
69.22453
72.56652
74.85399
76.65477
74.91888
71.52823
67.32641
63.22193
58.27385
50.6976
44.11097
39.14666
37.67034
33.63076
31.06749
26.68722
23.99416
19.37054
13.14082
8.04672
2.83907
-0.40558
-3.22842
-5.71058
-6.89487
-8.35496
-10.3342
-8.80921
-9.52304
-10.756
-11.40493
-12.89747
-13.2706
-12.3621
-13.95198
-12.31343
-10.64244
-10.9669
-9.47437
-8.33874
-9.19857
-11.82674
-13.78975
-15.76898
-16.7586
-16.14212
-18.25114
-21.54445
-23.8806
-26.23297
-26.10318
-25.71382
-23.76703
-23.6697
-23.76703
-23.45879
-24.62687
-26.73589
-29.1207
-31.31084
-35.10707
-38.53018
-41.07722
-44.0623
-46.00909
-45.92797
-46.0902
-46.5769
-46.44711
-45.47372
-44.71123
-43.26736
-41.19079
-38.59507
-37.58923
-38.14082
-36.2427
-34.78261
-33.2414
-31.44062
-31.86243
-30.9377
-30.53212
-28.17975
-26.50876
-27.40104
-27.01168
-25.92472
-23.97794
-24.41596
-25.11356
-24.12395
-24.15639
-21.18754
-17.05062
-16.22323
-13.88709
-10.49643
-6.97599
-7.34912
-8.92278
-7.78715
-7.23556
-7.00844
-5.45101
-4.13692
-3.06619
0.06489
1.75211
4.28293
7.28423
9.96106
12.11875
13.78975
17.74822
19.35432
18.39714
19.15964
18.86762
20.03569
24.15639
26.16807
26.68722
26.02206
26.96301
27.10902
26.21674
26.91434
27.59572
25.73005
22.66385
23.05321
25.08112
26.65477
27.07657
27.49838
27.35237
25.94095
23.94549
23.49124
23.86437
24.23751
23.02077
21.31733
21.05775
21.39844
21.60934
23.11811
25.4867
27.61194
28.40688
27.5146
26.94679
24.74043
21.10642
15.7852
14.0331
12.21609
10.15574
8.35496
7.86827
7.43024
5.40234
2.88774
1.07073
0.43803
-5.84036
-12.19987
-19.35432
-27.90396
-33.89033
-39.40623
-43.10513
-45.70084
-49.22128
-51.78456
-53.65023
-54.80208
-56.79753
-58.41986
-58.98767
-55.90526
-54.23426
-53.61778
-52.0279
-53.4231
-55.49968
-55.82414
-56.81376
-58.14406
-60.22064
-61.87541
-60.18819
-61.89163
-65.60675
-67.27774
-65.65542
-65.52563
-65.60675
-66.70993
-66.77482
-67.01817
-69.45165
-73.57236
-77.23881
-80.40234
-82.90071
-84.76639
-84.92862
-85.35042
-84.65282
-82.23556
-79.72096
-74.83777
-70.79818
-63.93576
-61.19403
-56.22972
-52.59572
-51.29786
-50.43803
-50.22713
-50.09734
-48.36145
-46.96626
-46.04153
-45.65217
-44.90591
-43.17002
-45.36016
-43.13757
-40.39585
-36.25892
-32.04088
-29.07203
-27.57949
-26.54121
-27.57949
-27.07657
-27.90396
-30.15899
-31.03504
-32.43024
-31.71642
-29.31538
-26.54121
-23.19922
-19.80857
-14.84426
-7.90071
1.34653
11.76184
20.10058
29.03958
32.73848
37.91369
40.83387
44.77612
50.56781
52.75795
53.89358
52.64439
52.54705
50.97339
47.55029
47.55029
49.15639
48.41012
50.66515
52.92018
54.57495
54.91564
53.73134
49.88644
46.39844
44.7599
44.20831
43.55938
43.7865
43.13757
44.93835
52.25503
56.22972
61.2427
65.20117
69.2732
72.85853
76.46009
82.122
85.59377
88.7573
94.01363
95.84685
97.16093
97.30694
96.46334
95.19792
93.80273
91.77482
91.02855
94.82479
95.63595
95.03569
96.04153
96.98248
96.41467
94.90591
92.61843
92.05062
89.92537
88.31927
85.0584
81.4244
79.91564
79.00714
78.95847
75.97339
73.34523
73.8806
74.04283
73.6697
72.80986
70.53861
67.84555
67.2453
68.86762
68.54315
66.58014
63.14082
59.3608
56.13238
51.54121
48.8157
45.84685
41.15834
38.95198
36.37249
32.30045
26.86567
23.21544
18.33225
13.83842
10.13952
7.15445
5.305
4.80208
2.62816
-3.68267
-6.48929
-9.47437
-11.51849
-12.67034
-15.03894
-18.41337
-20.8793
-21.7878
-22.95587
-23.00454
-24.18884
-26.52498
-28.13108
-29.02336
-29.29916
-29.70474
-32.56003
-35.20441
-37.573
-40.80143
-46.10642
-50.85983
-53.09864
-55.41856
-56.66775
-59.65282
-63.07592
-65.31473
-66.82349
-67.19663
-67.40753
-66.62881
-65.34718
-65.39585
-64.79559
-65.02271
-64.26022
-65.60675
-67.14796
-66.83971
-66.83971
-66.45036
-66.22323
-65.1525
-63.40039
-59.68527
-56.34328
-51.73589
-50.06489
-46.73913
-45.40883
-46.82025
-49.20506
-51.20052
-52.48215
-51.58988
-50.35691
-51.65477
-48.78326
-48.03699
-46.93381
-43.8514
-40.05516
-35.17197
-28.55289
-23.79948
-19.72745
-15.33095
-13.3355
-11.43738
-7.30045
-4.16937
-0.2109
1.55743
4.65607
7.20311
7.20311
12.41077
16.46658
19.51655
23.62103
25.56781
28.66645
34.06879
33.80921
35.22064
39.21155
41.14212
40.75276
40.65542
40.26606
38.72485
38.40039
37.65412
39.32511
41.20701
41.56392
43.12135
43.38092
44.71123
45.29526
47.37184
48.79948
49.39974
49.17262
46.60934
46.43089
42.03439
40.91499
37.49189
34.13368
33.46853
32.26801
33.01428
32.15445
34.08501
35.48021
37.11875
38.51395
39.0331
39.14666
39.77936
39.30889
36.46982
33.74432
31.05127
30.95393
30.36989
28.84491
28.40688
26.76833
26.07073
26.21674
24.70798
25.60026
24.59442
22.82609
23.32901
24.82154
26.41142
25.73005
26.76833
24.93511
19.02985
13.09215
8.74432
7.122
5.06165
3.6989
2.85529
-0.04867
-0.85983
-0.95717
0.04867
-0.08112
-2.07657
-3.76379
-7.72226
-10.69111
-13.30305
-15.54186
-17.86178
-21.21999
-23.92927
-24.65931
-23.16677
-24.15639
-27.04413
-27.54705
-28.03374
-30.53212
-30.88903
-33.40363
-39.71447
-43.59182
-48.44257
-50.98962
-54.3316
-56.0026
-55.28877
-57.26801
-57.25178
-59.10123
-62.96236
-64.89293
-66.01233
-65.55808
-65.75276
-64.35756
-62.75146
-61.71317
-60.09085
-64.00065
-65.83387
-65.5743
-66.01233
-66.14212
-65.73653
-65.80143
-66.23945
-66.82349
-67.37508
-67.56976
-67.78066
-67.78066
-68.94873
-69.40299
-66.40169
-61.68073
-58.30629
-56.99221
-54.99676
-51.03829
-49.48086
-48.03699
-46.39844
-45.47372
-45.3926
-45.86308
-45.14925
-44.95457
-44.38676
-44.2732
-40.49319
-35.80467
-31.73264
-27.38482
-25.29202
-23.183
-19.19208
-15.70409
-12.03764
-5.49968
-2.92018
-0.58404
0.97339
2.19014
1.86567
3.9098
7.91694
10.46398
15.13628
18.72161
20.6035
22.2096
24.69176
24.90266
25.89228
29.36405
32.41402
32.52758
33.2414
32.26801
30.7268
31.24594
31.87865
34.50681
37.29721
39.27644
42.69955
48.00454
51.80078
52.69306
52.07657
51.80078
54.57495
58.38741
61.51849
64.9416
67.27774
69.7599
70.00324
70.23037
70.84685
71.7878
73.68592
76.31408
79.98053
81.81376
82.5438
82.05711
83.06295
83.16029
84.05256
84.40947
83.80921
83.85788
82.85204
81.19727
78.95847
78.50422
77.19014
79.67229
80.98637
81.60286
81.82998
79.99676
80.2401
80.305
80.67813
82.30045
82.98183
80.0292
76.28164
71.25243
69.24075
67.52109
63.0597
60.17197
56.79753
52.22258
49.01038
44.85724
42.6671
38.9682
35.04218
32.10578
27.0279
22.03115
18.05646
13.46528
8.01428
3.55289
-1.03829
-2.14147
-2.92018
-4.42894
-5.67813
-6.01882
-6.24594
-4.02336
-1.84945
0.29202
0.40558
-0.29202
1.03829
1.1843
-0.89228
-3.34199
-5.84036
-8.53342
-11.55094
-14.79559
-16.23945
-18.72161
-20.29526
-24.20506
-27.46593
-29.47761
-30.45101
-29.89942
-30.88903
-33.58209
-36.22648
-37.88125
-41.58014
-43.46204
-45.47372
-49.52953
-51.3952
-51.71966
-51.65477
-51.65477
-52.36859
-50.89228
-49.72421
-50.64893
-48.41012
-46.91759
-43.65672
-40.55808
-37.62167
-34.53926
-31.32706
-28.0013
-26.68722
-23.89682
-23.29656
-23.65347
-26.31408
-28.13108
-32.65737
-36.61583
-38.64374
-42.2453
-43.80273
-43.21869
-40.68787
-41.12589
-43.41337
-45.40883
-48.71836
-50.92472
-50.22713
-49.5133
-48.29656
-45.24659
-42.09929
-40.34718
-39.55224
-38.46528
-37.31343
-32.51136
-26.57365
-24.07528
-21.02531
-16.41791
-9.2148
-4.57495
-0.2109
3.50422
6.0026
8.84166
11.71317
12.78391
13.02726
14.27644
15.07138
17.26152
17.29396
16.5477
14.39001
12.55678
11.84296
12.50811
13.43284
13.87086
15.10383
13.95198
12.75146
14.50357
14.63335
16.66126
19.82479
20.26282
21.91759
24.33485
25.87605
28.03374
31.94354
34.53926
38.85464
45.61973
48.3939
49.39974
50.94095
49.87021
45.92797
41.67748
37.86502
35.39909
33.5172
31.99221
34.31213
35.86957
37.34588
37.81635
35.756
34.96106
33.76055
33.87411
33.95522
32.90071
31.09994
29.46139
26.6061
23.52369
23.6697
22.9072
20.83063
20.13303
19.35432
17.69955
17.99156
17.40753
14.16288
11.06424
10.67489
7.51136
2.07657
-3.24465
-9.86372
-13.77352
-16.64504
-17.76444
-20.13303
-21.69046
-22.11226
-24.56197
-27.75795
-31.27839
-34.97729
-38.30305
-40.60675
-45.1817
-47.85853
-50.09734
-51.62232
-50.73005
-51.91434
-52.83907
-55.11032
-55.64568
-54.86697
-56.24594
-58.95522
-62.31343
-66.17456
-70.1817
-73.55613
-78.08241
-78.09864
-77.07657
-77.41726
-77.3037
-77.92018
-80.61324
-81.44062
-79.02336
-77.56327
-75.84361
-75.60026
-73.83193
-74.46463
-76.28164
-77.85529
-79.29916
-79.44517
-78.50422
-79.3965
-81.57041
-81.34328
-85.51265
-89.37378
-92.22907
-93.5756
-95.58728
-97.30694
-97.93965
-97.50162
-98.55613
-100.0
-97.64763
-96.82025
-94.79234
-93.0889
-90.41207
-86.40493
-82.73848
-77.44971
-74.74043
-73.52369
-70.76574
-69.38676
-65.5743
-62.16742
-58.5172
-55.58079
-50.98962
-46.25243
-42.05062
-35.90201
-29.62362
-25.81116
-24.07528
-21.3011
-19.82479
-19.04607
-16.40169
-12.71901
-12.26476
-10.59377
-9.68527
-4.18559
-1.29786
0.60026
4.68851
5.54835
6.08371
7.15445
7.83582
8.53342
10.02596
11.04802
11.27515
13.14082
18.23491
23.42635
26.73589
29.98053
31.70019
31.68397
36.84296
38.88709
43.83517
47.25827
47.63141
48.65347
51.10318
54.3965
56.34328
59.10123
59.65282
62.03764
62.24854
62.88125
63.15704
60.72356
60.60999
59.27969
56.57041
55.98637
55.95393
55.20766
54.36405
52.85529
51.21674
50.03245
50.08112
50.60026
52.36859
56.89487
57.88449
60.67489
63.67618
65.13628
65.60675
63.48151
64.51979
66.17456
67.92667
69.25698
67.71577
64.9416
60.9669
58.16029
54.83452
51.78456
50.30824
49.7891
48.99416
47.93965
45.44127
42.4562
41.9695
42.19663
43.91629
42.76444
40.07138
37.50811
37.37833
35.73978
35.49643
36.71317
37.73524
39.8767
41.59637
43.77028
42.6671
41.061
41.40169
41.7586
43.38092
43.65672
42.43997
41.69371
38.46528
36.87541
35.09085
33.38741
30.98637
28.16353
23.89682
18.9974
15.83387
9.62038
3.45555
-3.13108
-7.5438
-10.36665
-14.43868
-18.86762
-24.5133
-25.64893
-26.73589
-29.6074
-28.94225
-29.89942
-31.95977
-31.0026
-31.78131
-34.08501
-37.19987
-40.65542
-40.41207
-40.39585
-39.43868
-35.83712
-33.38741
-32.05711
-29.63984
-27.12524
-26.3952
-26.42764
-27.49838
-28.13108
-28.27709
-29.72096
-27.90396
-26.08696
-27.15769
-29.16937
-30.79169
-31.29461
-33.66321
-35.22064
-34.70149
-35.62622
-34.18235
-30.92148
-28.2122
-25.60026
-26.15185
-23.11811
-19.98702
-17.31019
-14.50357
-12.6379
-11.2427
-9.55548
-3.27709
0.85983
4.31538
8.43608
14.58469
19.88968
24.70798
27.46593
28.0013
29.34783
29.1207
30.92148
32.05711
33.04672
33.41986
33.43608
34.92862
37.99481
40.02271
41.38546
44.09474
44.9708
47.35561
50.64893
51.94679
52.90396
52.43348
49.5782
42.13173
35.44776
31.9111
28.22842
25.47047
26.05451
27.07657
28.6989
33.22518
37.62167
44.15964
49.90266
54.1207
56.99221
60.44776
61.97274
63.56262
62.10253
60.0584
57.94938
53.78001
51.67099
48.24789
47.35561
47.77742
48.8806
47.40428
47.66385
46.49578
44.59766
44.01363
42.19663
40.44452
37.28099
34.97729
33.09539
30.15899
26.88189
25.53537
24.31862
22.72875
21.18754
19.84101
18.41337
17.76444
17.63465
17.14796
16.33679
15.91499
16.69371
13.35172
7.44646
2.62816
-1.65477
-4.72096
-11.27515
-16.32057
-19.22453
-22.79364
-24.48086
-24.93511
-24.35107
-24.36729
-26.10318
-26.91434
-28.81246
-30.04543
-31.6353
-37.54056
-42.82933
-46.88514
-51.71966
-54.38027
-55.58079
-59.37703
-62.71901
-66.90461
-69.02985
-68.68916
-67.2453
-66.9695
-67.58598
-67.05062
-66.66126
-65.68787
-65.5743
-65.23361
-65.21739
-66.04478
-65.86632
-67.11551
-67.16418
-65.13628
-65.76898
-66.64504
-66.74238
-65.42829
-62.05386
-60.30175
-61.7294
-62.37833
-61.32382
-62.86502
-64.68202
-64.60091
-67.08306
-67.71577
-68.90006
-70.65217
-71.00909
-71.43089
-71.18754
-71.62557
-69.09474
-65.5743
-63.74108
-58.54964
-54.05581
-50.45425
-48.08566
-47.85853
-46.65801
-45.32771
-42.92667
-41.22323
-39.40623
-38.67618
-40.10383
-43.13757
-45.24659
-46.49578
-46.23621
-45.73329
-42.89422
-41.25568
-42.08306
-43.18624
-44.50032
-43.72161
-46.20376
-44.2732
-41.09345
-42.27774
-38.20571
-40.96366
-41.49903
-37.70279
-39.21155
-31.81376
-31.45685
-27.17391
-18.55938
-19.41921
-9.18235
-3.76379
0.84361
10.31798
14.40623
23.68592
29.62362
30.64568
32.94938
33.50097
35.756
36.30759
34.89617
39.32511
39.82803
40.37962
41.2719
43.47826
43.65672
43.8514
44.84101
45.4575
44.85724
42.47242
39.58469
36.63206
33.71188
32.80337
33.66321
32.36535
31.50552
33.17651
34.02012
35.3342
37.21609
38.77352
39.39001
37.39455
36.58339
37.08631
38.95198
40.8501
42.03439
45.65217
50.38936
53.32576
55.0292
56.55419
57.85204
59.53926
60.41531
61.22648
59.49059
56.70019
55.41856
53.74757
51.80078
51.10318
49.77287
47.46918
47.53407
47.92343
47.58274
45.65217
43.12135
39.82803
37.76768
36.82674
35.88579
35.41531
34.57171
33.89033
33.04672
33.82544
35.02596
35.43154
34.52304
34.86372
34.78261
33.59831
31.29461
26.36275
22.85853
20.92797
19.30565
19.40299
20.68462
24.80532
28.4231
29.63984
31.39195
32.51136
32.34912
32.57625
32.07333
29.26671
26.16807
20.76574
17.58598
16.77482
17.37508
18.49448
20.83063
22.46918
24.52953
28.92602
32.41402
36.38871
38.85464
42.21285
43.77028
43.02401
42.92667
44.33809
43.96496
43.94873
44.22453
43.98118
43.23491
43.90006
46.17132
46.70668
47.45295
47.76119
49.07528
49.48086
49.69176
49.83777
49.23751
48.37768
47.9721
45.52239
44.41921
44.51655
