-0.00259
-0.00204
-0.00141
-3.9E-4
4.8E-4
0.00172
0.00336
0.00578
0.00868
0.01164
0.01544
0.02039
0.02607
0.03089
0.03495
0.03668
0.03751
0.03656
0.03557
0.03279
0.02823
0.02253
0.01648
0.01
0.00451
-2.7E-4
-0.00436
-0.00772
-0.00974
-0.01103
-0.01123
-0.01079
-0.01013
-0.00952
-0.00902
-0.00814
-0.00702
-0.00644
-0.00587
-0.00536
-0.00485
-0.00463
-0.00473
-0.00424
-0.00424
-0.00457
-0.00356
-0.0024
-5.8E-4
0.00216
0.00562
0.00698
0.00662
0.00641
0.00521
0.00404
8.1E-4
-0.00331
-0.00786
-0.01129
-0.0149
-0.01758
-0.02001
-0.02027
-0.01955
-0.01804
-0.01658
-0.01431
-0.01202
-0.00933
-0.00664
-0.00558
-0.00546
-0.00622
-0.00628
-0.00633
-0.00584
-0.00545
-0.00462
-0.00402
-0.00335
-0.00244
-0.00125
-2.2E-4
0.00156
0.00336
0.00613
0.00859
0.01186
0.01485
0.01574
0.01421
0.00885
0.00327
-0.0032
-0.00846
-0.01443
-0.01907
-0.02492
-0.02943
-0.03102
-0.0304
-0.02797
-0.02375
-0.01948
-0.0151
-0.01103
-0.00733
-0.00392
-0.00161
-4.2E-4
-4.6E-4
-5.6E-4
-0.0012
-0.0011
-7.6E-4
-5.0E-4
5.2E-4
0.00168
0.00309
0.00403
0.00468
0.00502
0.00584
0.00755
0.01044
0.01347
0.0161
0.01632
0.01444
0.00919
0.00371
-0.00255
-0.00903
-0.01442
-0.01962
-0.02374
-0.02613
-0.02677
-0.02581
-0.02285
-0.01874
-0.01355
-0.00884
-0.00464
-0.00144
9.3E-4
0.00247
0.00357
0.00373
0.0031
0.00297
0.00321
0.0044
0.00554
0.00708
0.00826
0.00916
0.00961
0.01017
0.01011
0.00977
0.00956
0.00963
0.01013
0.01089
0.01014
0.00833
0.00397
-0.00154
-0.00722
-0.01302
-0.0161
-0.01857
-0.01942
-0.01933
-0.01788
-0.01589
-0.01232
-0.00797
-0.0042
-0.00129
9.3E-4
0.0026
0.0038
0.00484
0.00561
0.00608
0.00583
0.00596
0.00634
0.00714
0.00778
0.00879
0.00912
0.00887
0.00857
0.00811
0.00726
0.00626
0.00558
0.00451
0.00393
0.00336
0.00226
6.8E-4
-0.00179
-0.00478
-0.00753
-0.00931
-0.01042
-0.01138
-0.01095
-0.01013
-0.00885
-0.00659
-0.00362
-5.4E-4
0.00206
0.00424
0.0049
0.00472
0.00404
0.00301
0.00246
0.00257
0.00343
0.00418
0.00493
0.00577
0.00656
0.00699
0.00696
0.00679
0.00585
0.00458
0.00318
0.00212
0.00102
3.0E-5
-7.3E-4
-0.0013
-0.00217
-0.00304
-0.00378
-0.00362
-0.00265
-0.0015
2.4E-4
0.00171
0.00313
0.00414
0.00444
0.00412
0.00359
0.00378
0.00406
0.00451
0.00457
0.00398
0.00271
9.5E-4
-7.8E-4
-0.00279
-0.00425
-0.00485
-0.00467
-0.00391
-0.00303
-0.0021
-0.0013
-6.1E-4
-1.5E-4
5.2E-4
0.00113
0.0018
0.00207
0.00199
0.00163
7.1E-4
-7.0E-5
-0.0011
-0.00199
-0.00228
-0.00148
-2.4E-4
9.1E-4
0.00227
0.00328
0.00342
0.00272
0.00205
7.9E-4
-1.0E-5
-2.7E-4
-6.6E-4
-6.2E-4
-9.0E-4
-0.00108
-0.00158
-0.00253
-0.00331
-0.00439
-0.00523
-0.00546
-0.0053
-0.0049
-0.00445
-0.004
-0.00393
-0.00405
-0.00361
-0.00276
-0.00166
-2.9E-4
0.00116
0.00195
0.00233
0.00245
0.00228
0.00223
0.00259
0.00436
0.00697
0.00849
0.00863
0.00703
0.00424
-1.0E-5
-0.00413
-0.00784
-0.01083
-0.01213
-0.01197
-0.011
-0.01021
-0.00945
-0.00916
-0.00932
-0.009
-0.00843
-0.00691
-0.00491
-0.00226
3.2E-4
0.0023
0.00357
0.004
0.0036
0.00275
0.00191
0.00152
0.00171
0.00206
0.00216
0.00206
0.00171
0.00128
0.00151
0.00288
0.00616
0.01055
0.01445
0.01717
0.01695
0.01362
0.00835
0.00203
-0.00479
-0.0103
-0.01325
-0.01445
-0.01413
-0.01331
-0.01287
-0.01314
-0.01429
-0.01532
-0.01591
-0.01528
-0.01262
-0.00897
-0.0046
-1.9E-4
0.00303
0.00504
0.00568
0.00573
0.00563
0.00577
0.00643
0.00688
0.0071
0.00661
0.00557
0.00477
0.00522
0.00754
0.01088
0.01456
0.0178
0.01939
0.01748
0.01232
0.00547
-0.00321
-0.01095
-0.01658
-0.01937
-0.01986
-0.01883
-0.01664
-0.0156
-0.01529
-0.01574
-0.01671
-0.01664
-0.01526
-0.01216
-0.008
-0.00311
0.00128
0.00475
0.00681
0.00793
0.00813
0.0082
0.00855
0.00908
0.00964
0.00975
0.00936
0.00885
0.00969
0.01216
0.01472
0.01784
0.02042
0.02135
0.0192
0.01355
0.00554
-0.00388
-0.01257
-0.01939
-0.02325
-0.02443
-0.0239
-0.02175
-0.02017
-0.01897
-0.01858
-0.01858
-0.01791
-0.01618
-0.01282
-0.00792
-0.00251
0.00286
0.00712
0.00969
0.01122
0.01159
0.01136
0.01129
0.01084
0.0107
0.01037
0.01002
0.01039
0.012
0.0147
0.01727
0.01969
0.02155
0.02126
0.01822
0.01221
0.00361
-0.00534
-0.01349
-0.01982
-0.02328
-0.02458
-0.02405
-0.02229
-0.02069
-0.01963
-0.01906
-0.01899
-0.01802
-0.01612
-0.01262
-0.00798
-0.00308
0.00219
0.00654
0.00974
0.0119
0.01291
0.01339
0.0138
0.01347
0.013
0.01195
0.01094
0.01086
0.01214
0.01437
0.01665
0.0189
0.02047
0.01984
0.0161
0.00961
0.00117
-0.00755
-0.01537
-0.02108
-0.02376
-0.02457
-0.0237
-0.02176
-0.02039
-0.01911
-0.01846
-0.01782
-0.01627
-0.01393
-0.01002
-0.00554
-6.9E-4
0.00405
0.00774
0.01026
0.01207
0.0128
0.01336
0.01356
0.01307
0.01251
0.01117
0.00979
0.00869
0.00813
0.00874
0.0089
0.00957
0.01036
0.00954
0.00674
0.00262
-0.0025
-0.00722
-0.01145
-0.01444
-0.01559
-0.01601
-0.01468
-0.01334
-0.01297
-0.01269
-0.01311
-0.01325
-0.01248
-0.01086
-0.00817
-0.00465
-0.00127
0.00217
0.0044
0.00579
0.00669
0.00681
0.00725
0.00749
0.00735
0.00721
0.00667
0.00579
0.00491
0.00427
0.00481
0.00564
0.0068
0.00869
0.00898
0.00725
0.0049
0.00184
-0.00164
-0.00455
-0.0066
-0.00772
-0.00813
-0.00766
-0.00737
-0.00773
-0.00868
-0.00977
-0.01087
-0.01132
-0.01074
-0.00956
-0.00776
-0.00557
-0.00346
-0.00188
-4.9E-4
7.2E-4
0.00205
0.00338
0.0048
0.00616
0.00693
0.00714
0.0068
0.00589
0.00539
0.00585
0.00721
0.00873
0.00991
0.01096
0.01056
0.00893
0.00794
0.00588
0.00314
0.00102
-0.00158
-0.00433
-0.00646
-0.00921
-0.01189
-0.01429
-0.01629
-0.01706
-0.01727
-0.01633
-0.01426
-0.01233
-0.0098
-0.00707
-0.0049
-0.00231
-1.2E-4
0.00178
0.00417
0.00628
0.00828
0.00982
0.01021
0.01027
0.00966
0.00874
0.00837
0.00806
0.00839
0.00938
0.0095
0.00938
0.00834
0.00683
0.00558
0.00323
6.6E-4
-0.00159
-0.00459
-0.00729
-0.00977
-0.01269
-0.01489
-0.01666
-0.01779
-0.01746
-0.01645
-0.0145
-0.01185
-0.00923
-0.00631
-0.00332
-6.0E-4
0.00232
0.00484
0.00702
0.00927
0.01096
0.01208
0.01247
0.0118
0.01058
0.0089
0.00709
0.00561
0.00434
0.0033
0.00285
0.00257
0.00199
5.8E-4
-3.6E-4
-0.00121
-0.00265
-0.00338
-0.004
-0.0054
-0.00636
-0.00726
-0.0084
-0.00901
-0.00948
-0.00952
-0.00885
-0.00767
-0.00585
-0.00405
-0.00242
-5.9E-4
8.9E-4
0.00225
0.00381
0.00505
0.0062
0.00723
0.0078
0.00815
0.00801
0.00724
0.00625
0.00496
0.00374
0.00281
0.00197
0.0012
4.5E-4
-4.6E-4
-0.00138
-0.0026
-0.00399
-0.00469
-0.00572
-0.00657
-0.00668
-0.0072
-0.00764
-0.00718
-0.00695
-0.00653
-0.00567
-0.00478
-0.0033
-0.00172
-1.5E-4
0.00159
0.00289
0.00412
0.00526
0.00585
0.00648
0.00695
0.0068
0.00672
0.00627
0.00548
0.00465
0.0035
0.00235
0.0013
3.0E-4
-2.6E-4
-8.1E-4
-0.00137
-0.00163
-0.00215
-0.00271
-0.00318
-0.00422
-0.00564
-0.00698
-0.00811
-0.00927
-0.01007
-0.01051
-0.01066
-0.01047
-0.00946
-0.00786
-0.00586
-0.00327
-3.9E-4
0.00248
0.00531
0.00789
0.01005
0.01178
0.01308
0.014
0.01437
0.01416
0.01343
0.01207
0.01012
0.00784
0.00525
0.00249
-3.0E-5
-0.00229
-0.00418
-0.00554
-0.00637
-0.00671
-0.00663
-0.00633
-0.00572
-0.00499
-0.0044
-0.00404
-0.00403
-0.00449
-0.00536
-0.00633
-0.00749
-0.00897
-0.01014
-0.01098
-0.0117
-0.01169
-0.01088
-0.0095
-0.00723
-0.00452
-0.00119
0.00255
0.00602
0.00968
0.01288
0.01543
0.01742
0.01856
0.0189
0.01842
0.017
0.01498
0.01238
0.00927
0.00592
0.00254
-8.1E-4
-0.0039
-0.0067
-0.00885
-0.01042
-0.01146
-0.01171
-0.01143
-0.01088
-0.00969
-0.00836
-0.0095
-0.00809
-0.00662
-0.00606
-0.00551
-0.0057
-0.00577
-0.00624
-0.00722
-0.00791
-0.00952
-0.01108
-0.01163
-0.01153
-0.01081
-0.00937
-0.00702
-0.00363
-2.7E-4
0.00357
0.00753
0.01111
0.01437
0.01739
0.01961
0.02076
0.02086
0.02004
0.01844
0.016
0.01267
0.00869
0.00422
-4.1E-4
-0.00491
-0.00899
-0.01228
-0.01467
-0.01634
-0.01715
-0.01698
-0.01623
-0.015
-0.01351
-0.01168
-0.0091
-0.00639
-0.00356
-0.00123
3.9E-4
0.00145
0.0018
0.0022
0.00334
0.00545
0.00988
0.01208
0.01361
0.01322
0.01132
0.01047
0.0094
0.0085
0.00721
0.0037
2.6E-4
-0.00148
-0.00222
-8.5E-4
-3.0E-5
-4.7E-4
-0.00117
-0.00192
-0.00235
-0.00209
-0.00341
-0.00517
-0.00779
-0.00992
-0.01065
-0.00746
-0.00641
-0.00515
-0.00378
-0.00224
-8.3E-4
-9.5E-4
-0.00168
-0.00374
-0.00584
-0.00683
-0.00733
-0.00749
-0.00751
-0.00695
-0.00445
-0.00122
0.00589
0.01632
0.02132
0.02372
0.02103
0.01618
0.01274
0.00813
0.00262
-0.003
-0.0107
-0.01448
-0.0145
-0.01224
-0.0076
-0.00488
-0.00415
-0.0031
-0.00266
-0.00209
-0.00197
-0.00444
-0.00662
-0.00842
-0.0074
-0.00342
0.0013
0.00507
0.00737
0.00768
0.00734
0.00505
0.00244
-0.00218
-0.00827
-0.015
-0.02034
-0.0255
-0.03109
-0.03402
-0.03352
-0.02591
-0.01258
4.6E-4
0.00994
0.0146
0.01494
0.01682
0.01891
0.01957
0.01761
0.01177
0.00625
0.00503
0.00715
0.01021
0.01226
0.01035
0.00821
0.00536
0.00355
9.8E-4
-0.0032
-0.00891
-0.01275
-0.01444
-0.01157
-0.0075
-0.00278
0.00176
0.00572
0.00998
0.01299
0.01434
0.01309
0.00933
0.00465
1.2E-4
-0.00488
-0.00971
-0.01851
-0.02909
-0.03296
-0.03004
-0.01883
-0.00564
0.00166
0.00544
0.00664
0.00857
0.01451
0.01777
0.01716
0.01359
0.00836
0.00776
0.01181
0.01547
0.01789
0.01603
0.01267
0.01097
0.00899
0.00663
0.00171
-0.00578
-0.01125
-0.01345
-0.01171
-0.0074
-0.00359
1.4E-4
0.00253
0.00553
0.00936
0.01268
0.01201
0.00941
0.00581
0.00335
2.8E-4
-0.00631
-0.01674
-0.02711
-0.03254
-0.03055
-0.01917
-0.00575
0.00329
0.00683
0.00834
0.01006
0.0147
0.0163
0.01441
0.01021
0.00552
0.00576
0.00941
0.01391
0.01708
0.01692
0.01469
0.01291
0.01009
0.00616
-3.4E-4
-0.0082
-0.01422
-0.01633
-0.0147
-0.01008
-0.00541
-0.0011
0.00317
0.00714
0.01032
0.01159
0.01052
0.00743
0.00411
7.7E-4
-0.0027
-0.0094
-0.0189
-0.02816
-0.03253
-0.03039
-0.0219
-0.00977
0.0029
0.00998
0.01388
0.01534
0.01578
0.01633
0.01379
0.01073
0.00745
0.00671
0.0089
0.01353
0.01733
0.01996
0.01905
0.01643
0.01159
0.00559
-0.00226
-0.01003
-0.017
-0.01966
-0.01846
-0.01339
-0.00645
1.7E-4
0.00632
0.01125
0.01436
0.01515
0.01332
0.00938
0.00503
4.2E-4
-0.0036
-0.00861
-0.01742
-0.02712
-0.03248
-0.03165
-0.02588
-0.01725
-0.00973
7.0E-4
0.00929
0.01496
0.01889
0.01717
0.01542
0.01313
0.01111
0.01116
0.01224
0.01378
0.01727
0.01939
0.02025
0.01907
0.01419
0.00713
-0.00117
-0.01019
-0.01691
-0.02167
-0.02279
-0.0199
-0.01416
-0.00613
0.00179
0.00835
0.01259
0.01461
0.01418
0.01181
0.0077
0.00267
-0.00209
-0.00685
-0.01183
-0.01931
-0.02888
-0.03324
-0.0334
-0.02866
-0.02181
-0.01629
-0.00807
0.00268
0.01137
0.01801
0.01948
0.01739
0.01639
0.01541
0.01644
0.01792
0.01773
0.01778
0.01842
0.01795
0.0177
0.01319
0.00623
-0.00255
-0.01116
-0.01756
-0.02103
-0.02244
-0.02069
-0.01667
-0.01018
-0.00211
0.00552
0.01155
0.01453
0.01497
0.01394
0.01058
0.00666
0.00121
-0.00464
-0.01027
-0.0167
-0.02572
-0.03218
-0.03455
-0.03285
-0.02699
-0.02246
-0.01644
-0.00743
0.00496
0.0153
0.02171
0.02193
0.02028
0.01967
0.0201
0.02136
0.02169
0.01979
0.01846
0.0179
0.01707
0.01494
0.00897
7.8E-4
-0.00789
-0.01477
-0.01911
-0.02071
-0.02146
-0.01976
-0.01536
-0.00791
0.00124
0.00921
0.01394
0.01579
0.01553
0.0145
0.01184
0.00736
0.00131
-0.00561
-0.01251
-0.02041
-0.0298
-0.03522
-0.03685
-0.03411
-0.02859
-0.02331
-0.01658
-0.00624
0.00601
0.01611
0.02158
0.02213
0.02256
0.02272
0.02399
0.02446
0.02357
0.0208
0.01882
0.01692
0.01539
0.01193
0.00557
-0.0026
-0.01044
-0.01623
-0.01995
-0.02164
-0.02176
-0.01952
-0.01386
-0.00596
0.00288
0.01028
0.01463
0.01687
0.01747
0.01634
0.01341
0.00786
0.00115
-0.00569
-0.01248
-0.02045
-0.03015
-0.0358
-0.03756
-0.03503
-0.02948
-0.02416
-0.01708
-0.00693
0.00481
0.0158
0.02277
0.02459
0.02597
0.02663
0.02801
0.02846
0.0264
0.02261
0.01916
0.01579
0.01311
0.00898
0.00274
-0.00476
-0.01199
-0.01745
-0.02031
-0.02173
-0.02142
-0.01918
-0.01441
-0.00692
0.00127
0.00863
0.01397
0.0172
0.01881
0.01873
0.01626
0.01157
0.00498
-0.00221
-0.00987
-0.01974
-0.03021
-0.03654
-0.03885
-0.03681
-0.03328
-0.02868
-0.02206
-0.01237
8.0E-5
0.01217
0.02018
0.02492
0.02776
0.03019
0.03214
0.03269
0.03057
0.02632
0.02163
0.01734
0.01305
0.00812
0.0016
-0.00636
-0.0139
-0.01948
-0.0227
-0.02396
-0.02381
-0.02176
-0.01734
-0.01091
-0.00329
0.00387
0.0095
0.01355
0.01622
0.01762
0.01728
0.01478
0.00995
0.00364
-0.0039
-0.0135
-0.02361
-0.03124
-0.03574
-0.03622
-0.03515
-0.03242
-0.02776
-0.02058
-0.0105
-1.0E-5
0.0085
0.0154
0.02104
0.02619
0.03065
0.03377
0.03449
0.033
0.03026
0.02702
0.02305
0.01797
0.01129
0.0032
-0.00491
-0.01179
-0.01731
-0.02128
-0.02349
-0.02367
-0.02161
-0.0174
-0.01182
-0.00591
-4.9E-4
0.00437
0.00852
0.01145
0.01304
0.01283
0.01091
0.00759
0.00301
-0.00354
-0.01195
-0.01936
-0.02454
-0.02734
-0.02863
-0.02905
-0.02717
-0.02324
-0.01662
-0.00882
-0.00133
0.00622
0.01359
0.01969
0.02599
0.03082
0.03385
0.03492
0.03434
0.03255
0.02971
0.02509
0.01947
0.01243
0.00491
-0.00222
-0.0089
-0.01467
-0.01888
-0.02228
-0.02348
-0.02275
-0.0203
-0.01638
-0.01183
-0.00691
-0.00189
0.00253
0.00646
0.00925
0.01033
0.0101
0.00853
0.00551
8.3E-4
-0.00424
-0.00895
-0.01298
-0.01637
-0.01895
-0.02012
-0.01951
-0.01654
-0.01264
-0.00783
-0.002
0.00383
0.00935
0.01495
0.01967
0.02305
0.02517
0.02621
0.02591
0.02423
0.02126
0.01748
0.01268
0.0077
0.00259
-0.00249
-0.007
-0.01081
-0.0138
-0.01551
-0.01617
-0.01565
-0.01434
-0.01239
-0.00977
-0.00703
-0.00423
-0.00117
0.00123
0.00309
0.00427
0.0043
0.00365
0.00171
-8.6E-4
-0.00348
-0.00698
-0.01049
-0.01318
-0.01565
-0.01615
-0.01478
-0.01294
-0.01007
-0.00608
-0.0016
0.00348
0.0085
0.01304
0.01684
0.01947
0.02164
0.02287
0.02281
0.02189
0.01954
0.01593
0.01213
0.00774
0.0031
-0.00139
-0.00565
-0.00931
-0.01211
-0.01394
-0.01456
-0.0146
-0.01398
-0.01251
-0.01056
-0.00828
-0.00555
-0.00308
-0.00115
8.0E-5
6.5E-4
4.3E-4
-8.7E-4
-0.00235
-0.0044
-0.00733
-0.00996
-0.01203
-0.01356
-0.01366
-0.012
-0.0098
-0.00717
-0.00322
0.00149
0.00642
0.01144
0.01592
0.01898
0.02117
0.02278
0.02348
0.02294
0.02121
0.01835
0.01455
0.01022
0.00586
0.00134
-0.00315
-0.0071
-0.0105
-0.01309
-0.01451
-0.01506
-0.01492
-0.01404
-0.01266
-0.01082
-0.00859
-0.00604
-0.00361
-0.00183
-6.6E-4
5.0E-5
-2.8E-4
-0.00164
-0.00322
-0.00536
-0.00823
-0.01093
-0.01305
-0.0146
-0.01472
-0.01346
-0.01091
-0.00813
-0.00441
3.1E-4
0.00545
0.01072
0.01556
0.01877
0.02126
0.02312
0.02397
0.02374
0.02236
0.01963
0.01578
0.0112
0.00693
0.00258
-0.00198
-0.00606
-0.0097
-0.01269
-0.01449
-0.01523
-0.0151
-0.0144
-0.01329
-0.01151
-0.00927
-0.00663
-0.00418
-0.00221
-6.2E-4
2.3E-4
2.3E-4
-6.9E-4
-0.00226
-0.004
-0.00657
-0.00933
-0.01149
-0.01336
-0.01409
-0.01332
-0.01132
-0.00857
-0.00555
-0.00124
0.00376
0.00852
0.01363
0.01782
0.02069
0.0229
0.02409
0.02439
0.02366
0.02127
0.01795
0.01382
0.00918
0.00472
6.0E-5
-0.00426
-0.00806
-0.01161
-0.01396
-0.01504
-0.01538
-0.01482
-0.01369
-0.01194
-0.00954
-0.00696
-0.0044
-0.00218
-4.5E-4
7.1E-4
9.5E-4
1.9E-4
-0.00164
-0.00357
-0.00598
-0.00884
-0.01146
-0.0137
-0.0151
-0.01494
-0.01371
-0.01119
-0.00821
-0.00472
-1.0E-5
0.00496
0.01009
0.01542
0.01925
0.02208
0.02403
0.02468
0.02458
0.02322
0.0204
0.01665
0.01194
0.00723
0.00255
-0.00236
-0.0067
-0.01065
-0.01377
-0.01563
-0.01664
-0.01662
-0.01572
-0.01438
-0.01223
-0.00969
-0.00712
-0.00452
-0.00245
-0.00102
-2.1E-4
-2.9E-4
-0.00137
-0.00308
-0.00487
-0.00738
-0.01006
-0.01224
-0.01409
-0.01485
-0.01409
-0.01197
-0.00923
-0.00618
-0.00202
0.00316
0.00805
0.01327
0.01821
0.02125
0.02329
0.02362
0.02295
0.02131
0.01876
0.01534
0.01147
0.00669
0.00201
-0.00291
-0.00748
-0.01129
-0.01401
-0.01551
-0.01613
-0.01603
-0.01479
-0.01288
-0.01
-0.00621
-0.0026
9.0E-5
0.00192
0.00238
0.00251
0.00167
-7.0E-5
-0.00295
-0.00661
-0.01015
-0.01399
-0.01694
-0.01821
-0.01831
-0.01608
-0.01055
-0.00454
0.00117
0.00559
0.00859
0.01222
0.01459
0.01791
0.0201
0.02047
0.01996
0.01848
0.01619
0.01438
0.01168
0.00869
0.00474
-3.0E-5
-0.00466
-0.00952
-0.01313
-0.01496
-0.01558
-0.0147
-0.01269
-0.01018
-0.00696
-0.0035
3.2E-4
0.00351
0.00546
0.00575
0.00432
0.0012
-0.00241
-0.00648
-0.01073
-0.01452
-0.01776
-0.02056
-0.02287
-0.02327
-0.02257
-0.02053
-0.01602
-0.00866
8.6E-4
0.00904
0.01595
0.01937
0.02205
0.0231
0.02496
0.02675
0.0271
0.0263
0.02352
0.01924
0.01415
0.00897
0.00379
-0.00151
-0.00721
-0.01286
-0.01834
-0.02248
-0.02351
-0.02215
-0.01785
-0.01252
-0.00686
-0.0017
0.0027
0.00694
0.01031
0.01195
0.01174
0.00854
0.00302
-0.00403
-0.01352
-0.02153
-0.02752
-0.03074
-0.03118
-0.03138
-0.02917
-0.02663
-0.022
-0.01402
-0.00274
0.00856
0.01877
0.02509
0.02812
0.02976
0.03001
0.03153
0.03246
0.0327
0.03078
0.02551
0.01874
0.01028
0.00198
-0.00547
-0.01244
-0.01843
-0.02388
-0.02817
-0.02997
-0.02846
-0.02363
-0.01567
-0.00684
0.00184
0.00871
0.01361
0.0169
0.01792
0.01726
0.01429
0.00904
0.00215
-0.00621
-0.01631
-0.02659
-0.03402
-0.0381
-0.03789
-0.03608
-0.03193
-0.02756
-0.02243
-0.01408
-0.00305
0.00872
0.0199
0.02764
0.03168
0.03355
0.03269
0.03325
0.03316
0.03278
0.03119
0.02586
0.0183
0.00783
-0.00294
-0.01263
-0.02021
-0.02475
-0.02758
-0.02893
-0.02827
-0.02584
-0.02057
-0.01269
-0.00382
0.00519
0.01217
0.01669
0.01864
0.01784
0.01553
0.01146
0.00598
-4.2E-4
-0.00877
-0.01891
-0.02852
-0.03611
-0.03989
-0.03961
-0.03689
-0.03147
-0.02594
-0.01914
-0.0102
5.0E-4
0.01201
0.02254
0.03027
0.03505
0.0363
0.0357
0.03473
0.03271
0.03161
0.02875
0.02354
0.01586
0.00524
-0.00532
-0.01538
-0.0223
-0.02612
-0.02776
-0.0269
-0.02481
-0.02117
-0.01571
-0.00877
-7.1E-4
0.0072
0.01384
0.01849
0.01986
0.0186
0.01527
0.01006
0.00408
-0.00281
-0.01106
-0.02091
-0.02977
-0.03703
-0.04037
-0.0397
-0.03628
-0.02939
-0.02253
-0.01353
-0.00336
0.00671
0.0174
0.02572
0.0327
0.03648
0.03732
0.03722
0.03467
0.03203
0.02903
0.02471
0.01929
0.01132
0.00189
-0.00834
-0.01764
-0.02408
-0.02784
-0.02858
-0.02657
-0.02305
-0.01798
-0.01199
-0.00533
0.00193
0.00851
0.01464
0.0187
0.02011
0.019
0.01476
0.00869
0.00151
-0.00627
-0.01484
-0.02383
-0.03138
-0.03716
-0.03931
-0.03846
-0.03395
-0.02693
-0.01817
-0.00713
0.00296
0.01284
0.02117
0.0279
0.0332
0.03555
0.03714
0.03651
0.03463
0.03195
0.0273
0.0219
0.01451
0.00605
-0.00306
-0.01202
-0.01915
-0.02455
-0.02756
-0.02793
-0.02608
-0.02223
-0.01685
-0.0105
-0.0035
0.00332
0.00941
0.01408
0.01673
0.01715
0.0154
0.01155
0.00613
-5.7E-4
-0.00869
-0.01779
-0.02651
-0.03372
-0.03781
-0.03865
-0.03545
-0.02885
-0.02011
-0.00946
8.5E-4
0.01013
0.01769
0.0235
0.02817
0.03145
0.03425
0.03548
0.03486
0.03268
0.02844
0.02263
0.01545
0.00772
-1.5E-4
-0.00799
-0.01464
-0.02027
-0.02465
-0.0271
-0.02735
-0.02522
-0.02037
-0.01346
-0.00567
0.0021
0.00856
0.01345
0.01609
0.01675
0.01591
0.01313
0.0092
0.0036
-0.00385
-0.01292
-0.02226
-0.0303
-0.03582
-0.03768
-0.03538
-0.02912
-0.02043
-0.01063
-0.00121
0.00688
0.01395
0.01959
0.02441
0.0288
0.03234
0.03437
0.03431
0.03221
0.02795
0.0222
0.0157
0.00883
0.00233
-0.004
-0.01039
-0.01658
-0.0218
-0.02547
-0.02706
-0.0255
-0.0212
-0.01474
-0.00737
-3.4E-4
0.00558
0.00948
0.0122
0.01366
0.01399
0.01333
0.01035
0.00555
-0.00207
-0.0115
-0.02081
-0.02897
-0.03341
-0.0344
-0.03161
-0.02553
-0.0181
-0.00975
-0.00203
0.00554
0.01245
0.01861
0.02462
0.02898
0.03233
0.0337
0.0327
0.03009
0.02595
0.02123
0.01592
0.01024
0.004
-0.00297
-0.01018
-0.01732
-0.02305
-0.02692
-0.02796
-0.02616
-0.02234
-0.01652
-0.01073
-0.00475
6.9E-4
0.00531
0.00937
0.01197
0.01362
0.01294
0.00981
0.00444
-0.00343
-0.01193
-0.02019
-0.02658
-0.03009
-0.03031
-0.02671
-0.02118
-0.01445
-0.00705
-3.0E-5
0.00634
0.01263
0.01862
0.02357
0.0274
0.0291
0.02893
0.02725
0.02479
0.02186
0.01823
0.01431
0.00903
0.00258
-0.0044
-0.01123
-0.01719
-0.02167
-0.02336
-0.02339
-0.02186
-0.01896
-0.01539
-0.01068
-0.00563
-1.8E-4
0.00498
0.00889
0.01147
0.01181
0.0103
0.00691
0.00135
-0.00531
-0.01219
-0.01838
-0.02307
-0.02514
-0.0243
-0.02136
-0.01653
-0.01108
-0.00511
0.00124
0.00768
0.01382
0.01865
0.0222
0.02416
0.02484
0.02455
0.02346
0.02145
0.01856
0.01486
0.01037
0.00492
-5.8E-4
-0.00624
-0.01117
-0.01522
-0.01822
-0.01965
-0.01982
-0.01865
-0.01635
-0.01289
-0.00879
-0.00436
5.0E-5
0.00377
0.00669
0.00824
0.00813
0.006
0.00187
-0.00345
-0.0092
-0.01444
-0.01846
-0.02003
-0.02014
-0.01872
-0.01575
-0.01458
-0.01204
-0.00869
-0.00454
-1.8E-4
0.00382
0.00792
0.01172
0.01547
0.01899
0.02201
0.02427
0.02586
0.02648
0.02576
0.02439
0.02225
0.0197
0.0167
0.01348
0.01038
0.00725
0.00485
0.00319
0.00242
0.00262
0.00335
0.00467
0.00624
0.00793
0.00942
0.01049
0.01056
0.00923
0.00653
0.00296
-9.4E-4
-0.00472
-0.00799
