-0.00243
-0.00181
-0.00105
-3.7E-4
4.0E-4
0.00117
0.00229
0.0036
0.00557
0.00783
0.01076
0.0132
0.0152
0.01671
0.01749
0.01774
0.01713
0.01565
0.01333
0.01044
0.00722
0.00398
8.3E-4
-0.0016
-0.00371
-0.00527
-0.00646
-0.00692
-0.00712
-0.00684
-0.00616
-0.00583
-0.0056
-0.00575
-0.00555
-0.00538
-0.00494
-0.00452
-0.00398
-0.0036
-0.00297
-0.00224
-0.00133
-3.0E-4
0.00102
0.00254
0.00475
0.00719
0.01027
0.01325
0.01559
0.0173
0.01746
0.01708
0.01587
0.01411
0.01154
0.00875
0.00532
0.00168
-0.0014
-0.00394
-0.00574
-0.00687
-0.00748
-0.00768
-0.0077
-0.00752
-0.00683
-0.00632
-0.00583
-0.00563
-0.00535
-0.00536
-0.00506
-0.00445
-0.00376
-0.00296
-0.0021
-0.00113
-4.1E-4
3.0E-5
1.4E-4
8.0E-4
0.00165
0.00293
0.00495
0.00685
0.00787
0.0083
0.0074
0.00535
0.00204
-0.00131
-0.0046
-0.00779
-0.01146
-0.01472
-0.01731
-0.01855
-0.01888
-0.01816
-0.01678
-0.01455
-0.0121
-0.00974
-0.00782
-0.00592
-0.00422
-0.0028
-0.00177
-0.00131
-0.00112
-9.1E-4
-3.7E-4
3.8E-4
0.00121
0.00186
0.00249
0.00307
0.00338
0.00366
0.00416
0.00471
0.00585
0.00712
0.00814
0.00846
0.00792
0.00666
0.00426
6.0E-4
-0.00363
-0.00765
-0.01131
-0.01389
-0.01616
-0.01748
-0.01862
-0.0187
-0.01761
-0.01585
-0.01352
-0.01057
-0.00784
-0.00513
-0.00271
-6.2E-4
9.6E-4
0.00217
0.00296
0.00334
0.00361
0.0038
0.00401
0.00406
0.00403
0.00431
0.00447
0.00468
0.0048
0.0046
0.00448
0.0046
0.0049
0.00556
0.00584
0.00566
0.00439
0.00256
-6.2E-4
-0.00383
-0.00675
-0.00958
-0.01163
-0.01311
-0.01368
-0.01333
-0.01235
-0.01079
-0.00898
-0.00701
-0.00475
-0.00291
-0.00109
5.6E-4
0.00218
0.00333
0.00425
0.00475
0.00483
0.00498
0.00508
0.00559
0.0057
0.00583
0.00572
0.00564
0.00532
0.0051
0.00469
0.00424
0.0037
0.0033
0.00317
0.00363
0.00374
0.00341
0.00211
8.0E-5
-0.00205
-0.00444
-0.00583
-0.00722
-0.00792
-0.00777
-0.00691
-0.00569
-0.00388
-0.00199
-7.4E-4
-1.7E-4
8.0E-5
-9.0E-5
-2.2E-4
-1.0E-5
4.7E-4
0.00109
0.0014
0.00193
0.00252
0.00327
0.00382
0.00466
0.00512
0.00533
0.00532
0.00505
0.00445
0.00348
0.00275
0.00171
9.7E-4
5.4E-4
3.9E-4
2.2E-4
-4.4E-4
-0.00125
-0.00212
-0.00294
-0.00385
-0.00467
-0.00508
-0.00507
-0.00456
-0.00363
-0.00212
-7.2E-4
4.9E-4
0.00133
0.00119
7.1E-4
-1.7E-4
-0.00111
-0.0015
-0.00137
-7.3E-4
-1.3E-4
4.6E-4
9.2E-4
0.00125
0.00169
0.0021
0.00256
0.00278
0.00287
0.00256
0.00222
0.00174
0.00115
7.5E-4
6.5E-4
0.0011
0.00196
0.00235
0.00251
0.00219
0.00137
1.2E-4
-0.00121
-0.00236
-0.00334
-0.00384
-0.00393
-0.00371
-0.00321
-0.0027
-0.00232
-0.00237
-0.00251
-0.00286
-0.00298
-0.00285
-0.00252
-0.00197
-0.00128
-5.5E-4
5.0E-5
2.9E-4
3.2E-4
3.0E-4
4.6E-4
7.8E-4
0.00129
0.00164
0.00193
0.00189
0.00164
0.00157
0.00179
0.00304
0.00473
0.00623
0.00745
0.00774
0.00669
0.00463
0.00215
-7.6E-4
-0.00344
-0.00526
-0.0062
-0.00667
-0.00666
-0.00657
-0.0069
-0.00745
-0.00811
-0.0085
-0.00843
-0.00758
-0.00614
-0.00449
-0.00271
-0.00122
-1.3E-4
3.9E-4
6.4E-4
8.1E-4
9.2E-4
0.00119
0.00163
0.00217
0.00248
0.00264
0.00297
0.00358
0.00493
0.00666
0.00842
0.01002
0.01099
0.01092
0.00964
0.00698
0.00271
-0.00196
-0.00617
-0.00969
-0.01199
-0.01333
-0.01373
-0.01386
-0.01363
-0.01337
-0.01346
-0.01305
-0.01221
-0.01074
-0.0085
-0.00577
-0.00281
-8.0E-5
0.00228
0.00412
0.00521
0.00588
0.00627
0.00634
0.0062
0.00583
0.00544
0.00528
0.00587
0.00716
0.00839
0.00977
0.01085
0.01143
0.01104
0.00985
0.00804
0.00529
0.0023
-0.00122
-0.00481
-0.00804
-0.01094
-0.01327
-0.01524
-0.01611
-0.01652
-0.01636
-0.01561
-0.01453
-0.01298
-0.0111
-0.00891
-0.00652
-0.00408
-0.00147
0.00112
0.00349
0.00558
0.00716
0.00794
0.00819
0.00805
0.00783
0.00808
0.00922
0.01079
0.01219
0.01315
0.01356
0.01301
0.01172
0.00987
0.00725
0.00461
0.00216
-2.2E-4
-0.0029
-0.00613
-0.00929
-0.01275
-0.01582
-0.01811
-0.01922
-0.01942
-0.01843
-0.01638
-0.01411
-0.01164
-0.00941
-0.00726
-0.00505
-0.00276
-1.3E-4
0.00246
0.00514
0.00754
0.00911
0.0099
0.00994
0.00954
0.00953
0.01034
0.01172
0.01315
0.01433
0.01491
0.01434
0.0129
0.01088
0.00795
0.00515
0.00253
1.3E-4
-0.00228
-0.00551
-0.00908
-0.01282
-0.01648
-0.01925
-0.02085
-0.02113
-0.02009
-0.01784
-0.0151
-0.01225
-0.00964
-0.00727
-0.00509
-0.00296
-3.8E-4
0.00244
0.00543
0.00821
0.01009
0.0111
0.0112
0.01069
0.01003
0.00971
0.00979
0.0098
0.00997
0.01019
0.00997
0.00937
0.00866
0.00739
0.00623
0.00505
0.00341
0.00132
-0.0019
-0.00553
-0.00934
-0.01323
-0.01625
-0.0182
-0.01891
-0.01827
-0.01658
-0.01443
-0.01214
-0.01016
-0.00841
-0.00681
-0.00517
-0.00296
-5.9E-4
0.00208
0.00484
0.00695
0.00848
0.00929
0.00935
0.00915
0.00903
0.00914
0.00932
0.00938
0.00982
0.00992
0.0097
0.00964
0.00924
0.00863
0.00796
0.00662
0.00419
7.4E-4
-0.00324
-0.00746
-0.01155
-0.01488
-0.01676
-0.01772
-0.01751
-0.01625
-0.01497
-0.01343
-0.01201
-0.01064
-0.00908
-0.00721
-0.00465
-0.00175
0.00134
0.00442
0.00695
0.00859
0.00961
0.0098
0.00963
0.00947
0.00946
0.00986
0.00995
0.00985
0.00982
0.00935
0.00883
0.00842
0.00773
0.00675
0.00528
0.00258
-8.6E-4
-0.00448
-0.00822
-0.01167
-0.01437
-0.01594
-0.01654
-0.01597
-0.01483
-0.01361
-0.01251
-0.01145
-0.01016
-0.00869
-0.00658
-0.00414
-0.00143
0.00145
0.00422
0.00634
0.00781
0.00845
0.00854
0.00845
0.00811
0.00786
0.00763
0.00753
0.00758
0.0072
0.00682
0.00657
0.00623
0.00619
0.00596
0.00482
0.00283
1.6E-4
-0.00273
-0.0057
-0.00862
-0.01075
-0.01219
-0.01296
-0.01256
-0.01191
-0.01112
-0.01026
-0.0095
-0.00859
-0.00732
-0.00567
-0.00362
-0.00146
7.2E-4
0.0029
0.00454
0.0058
0.0066
0.00693
0.00698
0.00685
0.00663
0.00627
0.00574
0.00505
0.00437
0.00398
0.00392
0.00389
0.00419
0.00435
0.00415
0.00359
0.00246
0.00127
-2.4E-4
-0.00206
-0.00369
-0.0053
-0.00691
-0.00799
-0.00903
-0.00978
-0.01007
-0.01017
-0.00974
-0.00893
-0.00772
-0.00601
-0.00426
-0.00237
-4.3E-4
0.00117
0.00275
0.00402
0.0049
0.0057
0.00627
0.00662
0.00678
0.00651
0.00612
0.00543
0.00459
0.00396
0.00334
0.00289
0.00269
0.0024
0.00183
8.8E-4
7.0E-5
-8.1E-4
-0.0022
-0.00326
-0.00427
-0.00556
-0.00648
-0.00728
-0.008
-0.00831
-0.0084
-0.0081
-0.00729
-0.00616
-0.00462
-0.003
-0.00138
3.2E-4
0.00174
0.00306
0.0043
0.00516
0.00583
0.00638
0.00665
0.00669
0.00638
0.00577
0.00488
0.00377
0.00273
0.00173
8.2E-4
6.0E-5
-6.9E-4
-0.00153
-0.00249
-0.00377
-0.00481
-0.00564
-0.00658
-0.00702
-0.00724
-0.00743
-0.00711
-0.00656
-0.00583
-0.0047
-0.0035
-0.0021
-4.8E-4
0.00119
0.00297
0.00451
0.00579
0.00689
0.00753
0.00784
0.00794
0.00758
0.00702
0.00624
0.00514
0.00406
0.00286
0.00153
3.6E-4
-7.0E-4
-0.00149
-0.00191
-0.00218
-0.00226
-0.00227
-0.00243
-0.00271
-0.00332
-0.00424
-0.00503
-0.00603
-0.00703
-0.00782
-0.00867
-0.00931
-0.00944
-0.00932
-0.0087
-0.00758
-0.00601
-0.00391
-0.00146
0.0012
0.0038
0.00628
0.0085
0.01035
0.01163
0.01252
0.01292
0.01261
0.01186
0.01063
0.00893
0.00696
0.00471
0.00244
2.4E-4
-0.0018
-0.00348
-0.00483
-0.00589
-0.00654
-0.00693
-0.00707
-0.00703
-0.00695
-0.007
-0.00824
-0.0081
-0.00794
-0.00807
-0.00801
-0.00818
-0.00812
-0.00785
-0.00754
-0.00689
-0.0064
-0.00574
-0.00458
-0.00311
-0.00146
3.4E-4
0.00238
0.00472
0.00687
0.00897
0.01085
0.01227
0.01322
0.01375
0.01373
0.01301
0.01167
0.01
0.00807
0.00591
0.00356
0.00116
-0.00124
-0.00352
-0.00562
-0.00735
-0.00863
-0.00954
-0.01019
-0.01059
-0.01074
-0.01079
-0.01067
-0.0105
-0.01033
-0.00962
-0.00869
-0.00763
-0.00646
-0.00524
-0.00402
-0.00271
-0.00116
0.00107
0.004
0.00795
0.01088
0.01325
0.01432
0.01437
0.01452
0.01415
0.01346
0.01211
0.00934
0.00632
0.00389
0.00185
8.4E-4
-4.2E-4
-0.00219
-0.00394
-0.00539
-0.00639
-0.00677
-0.00756
-0.0083
-0.00934
-0.0098
-0.00951
-0.00848
-0.00725
-0.00588
-0.00492
-0.00387
-0.00326
-0.00336
-0.00396
-0.00548
-0.00688
-0.00817
-0.0092
-0.00956
-0.00952
-0.00888
-0.00691
-0.00412
0.00113
0.00802
0.01244
0.01563
0.01607
0.01527
0.01506
0.01387
0.01169
0.00893
0.00467
0.00198
7.5E-4
2.1E-4
5.5E-4
-3.3E-4
-0.00228
-0.004
-0.00583
-0.00719
-0.00832
-0.01039
-0.01188
-0.0127
-0.01182
-0.00921
-0.0061
-0.00331
-8.6E-4
6.4E-4
0.00189
0.00191
0.00142
-3.7E-4
-0.00324
-0.0064
-0.0085
-0.01002
-0.0106
-0.01097
-0.00995
-0.00634
-6.3E-4
0.00547
0.00967
0.01155
0.01108
0.01026
0.00958
0.00905
0.00769
0.00546
0.00311
0.00228
0.00299
0.00415
0.00495
0.00413
0.0024
9.0E-5
-0.00212
-0.00447
-0.00693
-0.00819
-0.00958
-0.00979
-0.00767
-0.00487
-0.00181
4.1E-4
0.00202
0.00312
0.00357
0.00375
0.00288
9.2E-4
-0.00143
-0.00341
-0.00467
-0.00547
-0.00631
-0.00639
-0.00582
-0.00316
0.0011
0.00527
0.0072
0.00678
0.00463
0.00278
0.00191
0.00164
0.00133
6.7E-4
3.8E-4
0.00144
0.00383
0.00619
0.00761
0.00697
0.00535
0.00326
0.00119
-8.9E-4
-0.00285
-0.0046
-0.00497
-0.00419
-0.00217
1.4E-4
0.00188
0.00259
0.00249
0.00167
5.5E-4
-0.00116
-0.00416
-0.00804
-0.01264
-0.01533
-0.01662
-0.01611
-0.01466
-0.01333
-0.0113
-0.00797
-0.00211
0.00553
0.0111
0.0132
0.01297
0.01092
0.01047
0.01067
0.01078
0.01021
0.00889
0.00805
0.00881
0.00963
0.01032
0.00895
0.00575
0.002
-0.00133
-0.00414
-0.00595
-0.00785
-0.0085
-0.00728
-0.00449
-5.0E-5
0.00379
0.00662
0.00813
0.00824
0.00749
0.00585
0.00282
-0.00114
-0.0072
-0.01416
-0.01783
-0.01972
-0.01887
-0.0169
-0.01544
-0.01247
-0.00763
-6.0E-4
0.0087
0.01387
0.01552
0.01446
0.01207
0.01204
0.0128
0.0131
0.01267
0.01137
0.01079
0.01225
0.01316
0.0133
0.01038
0.00533
1.7E-4
-0.00393
-0.00699
-0.00872
-0.01029
-0.00976
-0.00796
-0.00393
0.00146
0.00642
0.00916
0.01033
0.01008
0.00925
0.0068
0.00154
-0.00585
-0.01334
-0.01807
-0.01958
-0.01829
-0.01644
-0.0146
-0.01241
-0.00877
-0.00359
0.00248
0.0085
0.01185
0.01259
0.01221
0.01146
0.01242
0.01352
0.0141
0.01404
0.01347
0.01334
0.01368
0.01277
0.00996
0.00543
-1.0E-5
-0.0046
-0.00794
-0.01014
-0.01116
-0.01139
-0.00981
-0.00638
-0.00192
0.00273
0.00615
0.00789
0.00835
0.00769
0.00574
0.00121
-0.0056
-0.01275
-0.01731
-0.01862
-0.01686
-0.01454
-0.01299
-0.01163
-0.00976
-0.00666
-0.00302
2.0E-5
0.00286
0.0067
0.00941
0.01236
0.01419
0.01546
0.01686
0.01768
0.01774
0.01718
0.01466
0.01168
0.00808
0.00396
3.5E-4
-0.00324
-0.00611
-0.00797
-0.00881
-0.0087
-0.00735
-0.0056
-0.00316
-7.6E-4
0.00157
0.00364
0.00527
0.00599
0.00547
0.00318
-0.00174
-0.00827
-0.01291
-0.01522
-0.01526
-0.01376
-0.01321
-0.01251
-0.01145
-0.0098
-0.00698
-0.00491
-0.00352
-0.00165
0.00184
0.00806
0.01377
0.01775
0.0196
0.01983
0.01996
0.01959
0.01777
0.01441
0.00931
0.00413
4.9E-4
-0.0023
-0.00392
-0.00546
-0.00669
-0.00701
-0.00649
-0.00538
-0.00406
-0.00343
-0.00279
-0.00177
-1.0E-4
0.00195
0.00356
0.00355
0.00198
-0.00189
-0.00719
-0.0107
-0.01302
-0.01367
-0.01371
-0.0144
-0.01424
-0.01356
-0.01193
-0.00942
-0.00731
-0.0056
-0.00346
-5.9E-4
0.0051
0.01197
0.01692
0.01968
0.02028
0.02026
0.02021
0.01859
0.01535
0.01051
0.00482
6.3E-4
-0.00205
-0.00353
-0.00438
-0.00555
-0.00639
-0.00628
-0.00536
-0.0042
-0.00356
-0.00339
-0.00279
-0.00164
3.5E-4
0.00205
0.00282
0.00218
9.0E-5
-0.00412
-0.00792
-0.01057
-0.01249
-0.01292
-0.01407
-0.01446
-0.01394
-0.01259
-0.01025
-0.00792
-0.00655
-0.0046
-0.00225
0.00151
0.00721
0.01325
0.0178
0.02062
0.02125
0.02152
0.02078
0.01849
0.01462
0.00925
0.00392
3.0E-5
-0.00246
-0.00418
-0.00539
-0.00631
-0.00633
-0.00537
-0.00412
-0.00319
-0.00297
-0.00294
-0.00234
-0.00128
2.2E-4
0.00129
0.00151
7.3E-4
-0.0016
-0.00549
-0.00825
-0.01029
-0.01127
-0.0118
-0.01276
-0.01322
-0.01299
-0.0121
-0.01022
-0.00863
-0.00734
-0.00536
-0.00298
9.7E-4
0.00605
0.01183
0.01649
0.0195
0.02092
0.02158
0.02106
0.01886
0.01504
0.01007
0.00505
8.4E-4
-0.00215
-0.00436
-0.0057
-0.00613
-0.00616
-0.00551
-0.0046
-0.00404
-0.00354
-0.00317
-0.00271
-0.00196
-0.00153
-0.00107
-9.1E-4
-0.00149
-0.00345
-0.00697
-0.00909
-0.01014
-0.01013
-0.00977
-0.01026
-0.01049
-0.01022
-0.0094
-0.00772
-0.00648
-0.00582
-0.00459
-0.0029
1.3E-4
0.00394
0.00795
0.0113
0.01383
0.0156
0.01708
0.01758
0.0167
0.01451
0.01125
0.00778
0.00497
0.00264
8.2E-4
-6.1E-4
-0.00156
-0.00186
-0.00182
-0.00158
-0.00167
-0.00204
-0.00234
-0.00247
-0.00268
-0.00292
-0.00342
-0.00406
-0.00518
-0.00768
-0.01085
-0.01255
-0.0129
-0.01199
-0.01118
-0.01054
-0.00952
-0.00795
-0.00593
-0.00359
-0.00218
-0.00121
-4.3E-4
5.7E-4
0.00249
0.00473
0.00697
0.00875
0.01015
0.01178
0.01332
0.0139
0.01379
0.01223
0.00998
0.00772
0.00582
0.00429
0.00295
0.00166
0.00107
7.6E-4
8.1E-4
8.3E-4
3.0E-4
-5.6E-4
-0.00133
-0.00233
-0.0031
-0.00399
-0.00518
-0.00637
-0.00787
-0.01021
-0.01275
-0.01435
-0.01464
-0.01349
-0.01241
-0.01116
-0.00961
-0.00753
-0.00483
-0.00213
-2.2E-4
0.00121
0.00234
0.00362
0.00526
0.00713
0.00897
0.01018
0.01121
0.01251
0.01344
0.01366
0.01312
0.01144
0.00907
0.00669
0.00445
0.00232
3.7E-4
-0.0012
-0.00207
-0.00236
-0.00206
-0.00166
-0.00149
-0.00132
-0.00115
-0.00117
-0.00123
-0.00167
-0.00237
-0.00337
-0.00469
-0.00665
-0.00949
-0.01179
-0.01286
-0.01305
-0.01277
-0.01239
-0.01143
-0.00979
-0.00745
-0.00484
-0.00241
-3.8E-4
0.00155
0.00325
0.00517
0.00733
0.00954
0.01099
0.01213
0.01323
0.01406
0.01428
0.01399
0.01274
0.01088
0.00863
0.00637
0.0041
0.00197
-1.9E-4
-0.00197
-0.00341
-0.00408
-0.00432
-0.00437
-0.00415
-0.00377
-0.00339
-0.00282
-0.00234
-0.00211
-0.00225
-0.00272
-0.0035
-0.00487
-0.00626
-0.00725
-0.00803
-0.00876
-0.00944
-0.00974
-0.00954
-0.00871
-0.00749
-0.00612
-0.00467
-0.00306
-0.00134
6.9E-4
0.003
0.00553
0.00768
0.00952
0.01135
0.01286
0.01384
0.01446
0.0143
0.01334
0.01188
0.01015
0.00824
0.00606
0.00371
0.00142
-8.1E-4
-0.00272
-0.00424
-0.00553
-0.00646
-0.00706
-0.00736
-0.00713
-0.00664
-0.00599
-0.00533
-0.00487
-0.00451
-0.00455
-0.00472
-0.00476
-0.0053
-0.00616
-0.00692
-0.0078
-0.00821
-0.00821
-0.00808
-0.00772
-0.00715
-0.00626
-0.00478
-0.00305
-8.4E-4
0.00169
0.00428
0.00675
0.00923
0.01156
0.01367
0.01513
0.01575
0.01545
0.0145
0.01311
0.01129
0.00905
0.00652
0.00376
9.2E-4
-0.00168
-0.00384
-0.0057
-0.00725
-0.00831
-0.00899
-0.00912
-0.00879
-0.00819
-0.00751
-0.00688
-0.00643
-0.00619
-0.00581
-0.00552
-0.00575
-0.00609
-0.00633
-0.00667
-0.00671
-0.00635
-0.00603
-0.00559
-0.0049
-0.00392
-0.00254
-9.6E-4
9.1E-4
0.00283
0.00492
0.0071
0.00896
0.01085
0.01248
0.01343
0.01409
0.01402
0.01328
0.01212
0.01047
0.00865
0.00658
0.00409
0.00172
-6.2E-4
-0.00287
-0.00466
-0.0063
-0.00754
-0.00833
-0.00882
-0.00878
-0.00844
-0.00802
-0.00738
-0.00698
-0.00679
-0.00638
-0.00616
-0.00631
-0.00655
-0.00675
-0.00694
-0.00689
-0.00664
-0.00627
-0.00585
-0.0052
-0.00427
-0.003
-0.00149
2.3E-4
0.00192
0.00378
0.00597
0.00788
0.00951
0.01118
0.01229
0.01293
0.01331
0.01309
0.01233
0.01103
0.00931
0.00744
0.00526
0.00295
7.1E-4
-0.00158
-0.00359
-0.00537
-0.00693
-0.00798
-0.00864
-0.00897
-0.00892
-0.00863
-0.00819
-0.00775
-0.00754
-0.00725
-0.00684
-0.00684
-0.00692
-0.00697
-0.00719
-0.00715
-0.00681
-0.00634
-0.00583
-0.00521
-0.00431
-0.00315
-0.00186
-2.3E-4
0.00148
0.0033
0.00546
0.00743
0.00911
0.01082
0.01221
0.013
0.01354
0.0137
0.01298
0.01167
0.00968
0.00745
0.00485
0.0024
1.5E-4
-0.00196
-0.00406
-0.00584
-0.00742
-0.00851
-0.00913
-0.00921
-0.00885
-0.00829
-0.00766
-0.00692
-0.00635
-0.00582
-0.00489
-0.00429
-0.00438
-0.00477
-0.00566
-0.00629
-0.00663
-0.00689
-0.00707
-0.00741
-0.00743
-0.007
-0.00599
-0.00406
-0.00145
0.00159
0.00577
0.00975
0.01292
0.01508
0.0159
0.01631
0.01562
0.01492
0.01366
0.01151
0.0088
0.00589
0.00277
3.1E-4
-0.00197
-0.00397
-0.00594
-0.00788
-0.00952
-0.01088
-0.01141
-0.01104
-0.01005
-0.00857
-0.00685
-0.0052
-0.00363
-0.00243
-0.00138
-6.8E-4
-9.6E-4
-0.00216
-0.00396
-0.00644
-0.00863
-0.01029
-0.01135
-0.01188
-0.01197
-0.01129
-0.00986
-0.00761
-0.00465
-0.00116
0.00262
0.00731
0.01224
0.016
0.01863
0.01907
0.0187
0.01729
0.01583
0.01438
0.0121
0.00941
0.00612
0.00261
-6.8E-4
-0.00358
-0.00612
-0.00815
-0.01004
-0.01143
-0.01228
-0.01254
-0.01171
-0.01012
-0.00774
-0.005
-0.0026
-8.9E-4
-1.3E-4
1.7E-4
8.0E-5
-0.00102
-0.0026
-0.00484
-0.00765
-0.01006
-0.01203
-0.01303
-0.01317
-0.01258
-0.0113
-0.00958
-0.00729
-0.00436
-9.5E-4
0.00323
0.00861
0.01352
0.01748
0.01974
0.0199
0.01922
0.01737
0.01575
0.0139
0.01159
0.00883
0.00527
0.00158
-0.00221
-0.00536
-0.00783
-0.0097
-0.01097
-0.01178
-0.01233
-0.01225
-0.01135
-0.00966
-0.00723
-0.00463
-0.00232
-0.00101
-4.5E-4
-4.3E-4
-0.00132
-0.00281
-0.00449
-0.00676
-0.00919
-0.01112
-0.01249
-0.01287
-0.01249
-0.01107
-0.00926
-0.00701
-0.00441
-0.0013
0.00216
0.00651
0.01162
0.01612
0.01957
0.02089
0.02033
0.01867
0.01559
0.01302
0.01015
0.00722
0.00436
0.00118
-0.00193
-0.00501
-0.00773
-0.00975
-0.01096
-0.01103
-0.01032
-0.00931
-0.00816
-0.00705
-0.00601
-0.00484
-0.00393
-0.00416
-0.00468
-0.00541
-0.00605
-0.00667
-0.00792
-0.00885
-0.01032
-0.01121
-0.0114
-0.01083
-0.00998
-0.00867
-0.0074
-0.00574
-0.00356
-7.3E-4
0.0028
0.00666
0.01125
0.01564
0.01876
0.02064
0.02028
0.01851
0.01541
0.01163
0.00815
0.00442
0.00172
-6.1E-4
-0.00246
-0.00389
-0.00521
-0.00608
-0.00677
-0.0068
-0.00625
-0.00543
-0.00449
-0.00378
-0.00344
-0.00334
-0.00331
-0.00346
-0.00456
-0.00638
-0.00777
-0.00912
-0.00964
-0.01041
-0.01093
-0.01174
-0.01262
-0.01257
-0.01198
-0.01053
-0.00856
-0.00637
-0.00401
-0.00137
0.00165
0.00536
0.00981
0.01471
0.01895
0.02163
0.02201
0.02027
0.01677
0.01234
0.0085
0.00496
0.00222
5.0E-5
-0.00178
-0.00328
-0.00462
-0.0054
-0.00608
-0.00623
-0.00596
-0.00557
-0.00497
-0.00436
-0.00376
-0.00326
-0.003
-0.00288
-0.00342
-0.0052
-0.00694
-0.0087
-0.00989
-0.0103
-0.01106
-0.01139
-0.01221
-0.0127
-0.01252
-0.01166
-0.00969
-0.00731
-0.00452
-0.00171
0.00117
0.00438
0.00828
0.01279
0.01728
0.02079
0.02235
0.02188
0.01922
0.01512
0.01088
0.0071
0.00426
0.00209
2.0E-4
-0.00145
-0.00333
-0.00483
-0.00592
-0.00637
-0.00597
-0.00536
-0.00454
-0.00403
-0.00374
-0.00348
-0.00339
-0.00321
-0.00316
-0.00387
-0.00575
-0.00785
-0.01015
-0.01161
-0.01215
-0.01237
-0.01163
-0.01155
-0.01111
-0.01057
-0.0099
-0.00816
-0.00604
-0.00297
5.1E-4
0.00424
0.00855
0.0126
0.01644
0.01958
0.0212
0.02139
0.01975
0.01667
0.01296
0.00892
0.00539
0.00242
-7.0E-5
-0.00197
-0.0038
-0.00513
-0.00607
-0.00666
-0.00636
-0.00588
-0.00501
-0.0042
-0.00362
-0.00311
-0.0028
-0.00239
-0.00208
-0.00208
-0.00314
-0.00519
-0.00765
-0.01021
-0.0117
-0.01267
-0.01238
-0.01166
-0.01101
-0.01002
-0.00965
-0.00873
-0.00732
-0.00489
-0.00109
0.00322
0.00836
0.01294
0.01671
0.01941
0.02062
0.02074
0.01946
0.01742
0.01464
0.01117
0.00758
0.00383
2.0E-4
-0.00287
-0.00519
-0.0067
-0.00726
-0.00725
-0.00694
-0.00663
-0.00619
-0.0057
-0.00516
-0.00417
-0.0029
-0.0016
-6.2E-4
-4.5E-4
-0.00156
-0.00415
-0.00716
-0.01003
-0.01191
-0.01266
-0.01255
-0.01165
-0.01109
-0.01048
-0.00998
-0.00942
-0.00786
-0.00545
-0.00172
0.00296
0.00807
0.01286
0.01642
0.01911
0.02045
0.02062
0.02003
0.01835
0.01609
0.01286
0.00903
0.00491
6.5E-4
-0.00294
-0.00572
-0.00749
-0.00819
-0.00821
-0.00793
-0.00761
-0.00724
-0.00674
-0.00594
-0.00471
-0.00322
-0.0017
-7.6E-4
-5.7E-4
-0.00158
-0.00381
-0.00645
-0.00916
-0.0111
-0.01237
-0.01279
-0.01234
-0.01193
-0.01128
-0.0107
-0.00985
-0.00807
-0.00536
-0.00115
0.00381
0.00895
0.01366
0.01714
0.01928
0.02029
0.02041
0.01963
0.01812
0.01572
0.01247
0.00843
0.0041
3.0E-5
-0.00362
-0.00637
-0.00823
-0.00931
-0.00957
-0.0093
-0.00877
-0.00804
-0.00694
-0.0056
-0.0041
-0.00248
-0.00103
-1.7E-4
-4.0E-5
-0.00112
-0.00326
-0.00596
-0.00875
-0.0108
-0.01205
-0.01235
-0.01209
-0.01171
-0.01097
-0.01021
-0.00876
-0.00634
-0.00284
0.00163
0.00622
0.01063
0.0143
0.01697
0.01888
0.01989
0.01994
0.01906
0.0172
0.01442
0.01079
0.00664
0.00206
-0.00224
-0.00603
-0.0088
-0.01062
-0.01146
-0.01138
-0.01095
-0.00998
-0.00877
-0.00717
-0.00523
-0.00334
-0.00137
3.0E-5
5.1E-4
4.0E-5
-0.00169
-0.00408
-0.00675
-0.00917
-0.01098
-0.01215
-0.01242
-0.01231
-0.01182
-0.01075
-0.00925
-0.00684
-0.00375
-5.0E-5
0.00391
0.00641
0.00853
0.01012
0.01135
0.0123
0.01284
0.01308
0.01301
0.01225
0.01078
0.0088
0.00652
0.00434
0.00241
0.0012
5.0E-4
2.0E-4
3.7E-4
6.5E-4
0.0014
0.00237
0.00354
0.00491
0.00604
0.00695
0.00721
0.00683
0.00579
0.0038
0.00131
-0.00139
-0.00395
-0.00625
-0.00795
-0.00888
-0.0092
-0.00874
-0.0079
-0.00655
-0.00482
-0.00282
-5.6E-4
0.00173
0.00405
0.00625
0.00825
0.01004
0.01153
0.01275
0.01351
0.01381
0.01355
0.01266
0.01132
0.00952
0.00768
0.00581
0.00402
0.00259
0.00145
7.9E-4
5.1E-4
7.6E-4
0.00143
0.00236
0.0035
0.00455
0.00547
0.00598
0.00596
0.00522
0.00367
0.00158
-8.2E-4
-0.00316
-0.00525
-0.00662
-0.00757
-0.00806
