-0.00198
-0.0015
-8.9E-4
-2.0E-4
6.8E-4
0.00169
0.00316
0.00479
0.00685
0.00883
0.01039
0.01153
0.01164
0.01139
0.01058
0.00941
0.00769
0.00583
0.00355
0.00112
-9.3E-4
-0.00262
-0.00383
-0.00458
-0.00499
-0.00512
-0.00513
-0.00501
-0.00455
-0.00421
-0.00389
-0.00375
-0.00357
-0.00357
-0.00337
-0.00297
-0.00251
-0.00197
-0.0014
-7.5E-4
-2.7E-4
3.5E-4
9.7E-4
0.0017
0.00278
0.00426
0.00601
0.00776
0.00915
0.01003
0.01023
0.01004
0.00928
0.00813
0.00685
0.00529
0.00351
0.00173
-4.0E-5
-0.00165
-0.0028
-0.0036
-0.00396
-0.00401
-0.00402
-0.004
-0.00399
-0.00379
-0.00355
-0.00331
-0.00307
-0.0029
-0.00266
-0.00237
-0.00185
-0.00123
-5.4E-4
4.0E-5
5.5E-4
9.9E-4
0.00139
0.00176
0.0023
0.00301
0.00406
0.00532
0.00655
0.00757
0.00817
0.00832
0.00799
0.0072
0.00627
0.0052
0.00411
0.00297
0.00173
5.3E-4
-5.6E-4
-0.00153
-0.00233
-0.00305
-0.00352
-0.00372
-0.00372
-0.00351
-0.00326
-0.00299
-0.00261
-0.00223
-0.00177
-0.00137
-9.7E-4
-6.4E-4
-3.3E-4
-1.0E-5
3.5E-4
7.3E-4
0.00102
0.00133
0.00159
0.00152
0.00141
0.00165
0.00186
0.00218
0.0027
0.00297
0.00274
0.00243
0.00146
-2.3E-4
-0.00229
-0.00425
-0.00602
-0.00739
-0.00885
-0.00999
-0.01085
-0.01096
-0.01095
-0.01053
-0.00984
-0.0087
-0.00725
-0.00564
-0.00407
-0.00255
-0.00117
6.0E-5
0.00101
0.00146
0.00157
0.00165
0.0017
0.00178
0.00187
0.00194
0.002
0.00206
0.00201
0.00201
0.00205
0.00212
0.00264
0.00354
0.00454
0.00514
0.00536
0.00501
0.00388
0.00178
-9.4E-4
-0.00373
-0.00635
-0.008
-0.00942
-0.01015
-0.01089
-0.01114
-0.01084
-0.01025
-0.00927
-0.00798
-0.00664
-0.00504
-0.00336
-0.00172
-3.7E-4
7.5E-4
0.00154
0.00202
0.00236
0.00271
0.00305
0.0033
0.00338
0.00354
0.00353
0.00335
0.00318
0.0027
0.00232
0.00231
0.00278
0.00363
0.0042
0.00453
0.00402
0.00285
5.0E-4
-0.00187
-0.00424
-0.00639
-0.00785
-0.00896
-0.00932
-0.00919
-0.0086
-0.00772
-0.00683
-0.00577
-0.00463
-0.00369
-0.00255
-0.00139
-1.8E-4
7.4E-4
0.0015
0.00186
0.00187
0.00211
0.00247
0.00317
0.0037
0.00427
0.00446
0.00453
0.00436
0.00416
0.00387
0.00369
0.00392
0.00452
0.00495
0.0053
0.00484
0.00369
0.0014
-0.00132
-0.00398
-0.00657
-0.00793
-0.00881
-0.00895
-0.00858
-0.00776
-0.00685
-0.00569
-0.00433
-0.00331
-0.00242
-0.00159
-8.1E-4
-4.0E-5
7.6E-4
0.0015
0.00206
0.00213
0.0022
0.00231
0.00269
0.00312
0.00379
0.00413
0.00424
0.00411
0.00379
0.00347
0.00328
0.00389
0.00466
0.00546
0.00609
0.00591
0.00469
0.00249
-1.6E-4
-0.00301
-0.0054
-0.00698
-0.00793
-0.0081
-0.00782
-0.00733
-0.0068
-0.00617
-0.00558
-0.00498
-0.00421
-0.00342
-0.00252
-0.00165
-8.1E-4
1.0E-5
7.7E-4
0.0014
0.00182
0.00218
0.00254
0.00298
0.00342
0.00377
0.00391
0.00371
0.0035
0.00345
0.00399
0.00478
0.00562
0.00644
0.00689
0.00656
0.00542
0.00339
6.0E-4
-0.00219
-0.00461
-0.00638
-0.00743
-0.00785
-0.00778
-0.00776
-0.00771
-0.00772
-0.00771
-0.00734
-0.00664
-0.00563
-0.00434
-0.00294
-0.00156
-3.1E-4
5.9E-4
0.00133
0.00186
0.00237
0.00288
0.00322
0.00343
0.00345
0.00343
0.00347
0.00409
0.00515
0.00619
0.00721
0.0079
0.00816
0.00759
0.00654
0.005
0.00286
7.7E-4
-0.0013
-0.00329
-0.00506
-0.00654
-0.00776
-0.00902
-0.00983
-0.01033
-0.01064
-0.01041
-0.00977
-0.00887
-0.00761
-0.00624
-0.00471
-0.00325
-0.00182
-3.5E-4
8.7E-4
0.00198
0.00295
0.00352
0.00383
0.00388
0.00388
0.00408
0.00479
0.00599
0.0072
0.00821
0.00894
0.00906
0.00846
0.00736
0.00565
0.00383
0.00218
7.2E-4
-4.8E-4
-0.00176
-0.00336
-0.00562
-0.0082
-0.01066
-0.01281
-0.01432
-0.0149
-0.01453
-0.01345
-0.01175
-0.00994
-0.00824
-0.00652
-0.00489
-0.00319
-0.00136
6.2E-4
0.00272
0.00443
0.00585
0.00673
0.00712
0.00754
0.00823
0.00902
0.00968
0.01019
0.01045
0.01013
0.00928
0.00797
0.00599
0.004
0.00211
5.9E-4
-5.6E-4
-0.00162
-0.00254
-0.00373
-0.00526
-0.00718
-0.00936
-0.0113
-0.01272
-0.01349
-0.0135
-0.01259
-0.01124
-0.00955
-0.00783
-0.00626
-0.00463
-0.00314
-0.00149
1.7E-4
0.00164
0.00319
0.00447
0.00559
0.00662
0.00749
0.0082
0.00843
0.00856
0.00867
0.00857
0.00839
0.00807
0.00729
0.00636
0.00522
0.00386
0.00262
0.00124
-6.0E-5
-0.00137
-0.00289
-0.00437
-0.0063
-0.0085
-0.01035
-0.01212
-0.01327
-0.01362
-0.01323
-0.01222
-0.01082
-0.00899
-0.00717
-0.00549
-0.00386
-0.00234
-9.1E-4
5.6E-4
0.00214
0.00357
0.00506
0.00645
0.00768
0.00848
0.00889
0.00926
0.00935
0.00931
0.00945
0.00938
0.00901
0.00843
0.00736
0.00602
0.00454
0.00274
9.8E-4
-8.9E-4
-0.0028
-0.00478
-0.0073
-0.00983
-0.01213
-0.01417
-0.01542
-0.01576
-0.01524
-0.01402
-0.01206
-0.00982
-0.00749
-0.0053
-0.00324
-0.00134
3.4E-4
0.00213
0.00389
0.00558
0.00727
0.00868
0.0098
0.01037
0.01043
0.01034
0.00999
0.0095
0.00918
0.00861
0.00784
0.00698
0.00572
0.00433
0.00277
0.00108
-6.0E-4
-0.00249
-0.00455
-0.00696
-0.00944
-0.01167
-0.01357
-0.01495
-0.0154
-0.01496
-0.01381
-0.01182
-0.00966
-0.0075
-0.00539
-0.00351
-0.00178
-1.7E-4
0.00143
0.00303
0.00461
0.00614
0.00742
0.00834
0.00899
0.00936
0.00927
0.00915
0.00887
0.00849
0.00811
0.00762
0.00684
0.00593
0.0049
0.00373
0.0025
0.00108
-5.5E-4
-0.00276
-0.00544
-0.00798
-0.01046
-0.01253
-0.01387
-0.01425
-0.01392
-0.01278
-0.01103
-0.00921
-0.00734
-0.00567
-0.00401
-0.0024
-7.8E-4
0.00106
0.00277
0.00442
0.00592
0.007
0.0076
0.00785
0.00763
0.00737
0.00717
0.00697
0.00676
0.00652
0.00616
0.00567
0.0051
0.00456
0.00382
0.00303
0.00208
7.2E-4
-0.00128
-0.00373
-0.00616
-0.00843
-0.01033
-0.01153
-0.01198
-0.01183
-0.01085
-0.00959
-0.00833
-0.00707
-0.00595
-0.0047
-0.00338
-0.00179
-5.0E-5
0.00171
0.00338
0.0049
0.00588
0.00645
0.00657
0.00635
0.00604
0.00556
0.00509
0.00463
0.00415
0.00372
0.00324
0.00264
0.00219
0.00193
0.00173
0.00143
8.2E-4
-4.3E-4
-0.00207
-0.00371
-0.0054
-0.00685
-0.00774
-0.00817
-0.00811
-0.00741
-0.00657
-0.00566
-0.00489
-0.00418
-0.00341
-0.00261
-0.00154
-3.2E-4
8.5E-4
0.00203
0.0031
0.00381
0.0043
0.0045
0.00453
0.00438
0.00411
0.00388
0.00346
0.00293
0.00231
0.00151
7.8E-4
2.9E-4
-1.1E-4
-3.0E-4
-4.6E-4
-7.4E-4
-0.00116
-0.00185
-0.0023
-0.00278
-0.00333
-0.00355
-0.00366
-0.00378
-0.00356
-0.00339
-0.00317
-0.00279
-0.00242
-0.00183
-0.00117
-4.2E-4
4.7E-4
0.00118
0.00179
0.00232
0.00253
0.00266
0.00267
0.0025
0.00241
0.00233
0.00229
0.00228
0.00213
0.00197
0.00171
0.0014
0.00117
8.8E-4
5.9E-4
3.0E-4
-1.9E-4
-8.9E-4
-0.00191
-0.00294
-0.00392
-0.00513
-0.00607
-0.00674
-0.00733
-0.00749
-0.00726
-0.00684
-0.00594
-0.00475
-0.00339
-0.00163
1.8E-4
0.00206
0.00381
0.00527
0.00651
0.0073
0.00771
0.00786
0.00757
0.00698
0.00623
0.00528
0.00419
0.00295
0.00161
3.1E-4
-9.6E-4
-0.002
-0.00275
-0.00327
-0.00359
-0.00369
-0.00381
-0.00483
-0.00521
-0.00541
-0.00578
-0.00622
-0.00658
-0.00675
-0.00703
-0.00715
-0.00701
-0.00706
-0.00683
-0.00621
-0.00525
-0.00392
-0.00233
-3.6E-4
0.0018
0.00377
0.00578
0.00753
0.00893
0.01008
0.01085
0.01122
0.01108
0.01038
0.00938
0.00805
0.00635
0.00446
0.00243
4.2E-4
-0.00141
-0.00309
-0.0045
-0.00561
-0.00651
-0.00725
-0.00793
-0.00849
-0.00876
-0.00902
-0.00919
-0.00911
-0.00881
-0.00834
-0.00748
-0.00662
-0.00567
-0.00457
-0.0034
-0.00188
1.4E-4
0.00262
0.00583
0.00821
0.0102
0.0113
0.01153
0.01184
0.01175
0.01124
0.01031
0.00832
0.00604
0.00415
0.0024
0.00134
1.5E-4
-0.00136
-0.00271
-0.00386
-0.00471
-0.00506
-0.00576
-0.00644
-0.00728
-0.00794
-0.00822
-0.00798
-0.00754
-0.00701
-0.00664
-0.00609
-0.00573
-0.00573
-0.00579
-0.00627
-0.00654
-0.00654
-0.00627
-0.00555
-0.00457
-0.00329
-0.00126
0.00118
0.00511
0.01002
0.01308
0.01514
0.01519
0.01421
0.01342
0.01186
0.00955
0.00678
0.0031
5.5E-4
-8.9E-4
-0.00171
-0.00176
-0.00246
-0.00373
-0.00478
-0.00579
-0.00645
-0.00701
-0.00827
-0.00926
-0.00997
-0.00966
-0.00825
-0.00657
-0.0052
-0.00396
-0.00323
-0.00264
-0.00262
-0.00268
-0.00341
-0.00457
-0.00577
-0.00606
-0.00583
-0.00506
-0.00409
-0.00234
9.1E-4
0.00539
0.00983
0.01275
0.01384
0.01305
0.01183
0.01051
0.00912
0.0071
0.00448
0.0018
2.2E-4
-2.4E-4
-1.9E-4
-1.7E-4
-0.00107
-0.0023
-0.00375
-0.00504
-0.00621
-0.0074
-0.00862
-0.00908
-0.00873
-0.00713
-0.00508
-0.0031
-0.00165
-7.3E-4
-3.3E-4
-2.6E-4
-6.7E-4
-0.00177
-0.00326
-0.00479
-0.00588
-0.00623
-0.00598
-0.00542
-0.00435
-0.00269
4.1E-4
0.00444
0.0083
0.0106
0.01106
0.01001
0.00881
0.00795
0.00724
0.00622
0.00467
0.00315
0.00237
0.00242
0.00249
0.00208
5.5E-4
-0.00132
-0.00327
-0.00492
-0.00626
-0.00731
-0.00807
-0.00782
-0.00669
-0.00448
-0.00204
6.0E-5
0.00132
0.00179
0.0016
9.6E-4
-4.0E-5
-0.00166
-0.00355
-0.00513
-0.0062
-0.00654
-0.00633
-0.006
-0.00539
-0.0044
-0.00248
0.001
0.00492
0.00749
0.00831
0.00791
0.00699
0.00697
0.00695
0.0068
0.00617
0.00514
0.00467
0.00474
0.0047
0.00428
0.00266
2.8E-4
-0.00116
-0.00303
-0.00447
-0.00523
-0.00598
-0.00594
-0.00517
-0.00356
-0.00128
5.8E-4
0.00213
0.00298
0.00299
0.00249
0.00159
4.0E-4
-0.00117
-0.00284
-0.004
-0.00478
-0.00524
-0.00557
-0.00587
-0.00604
-0.00561
-0.00421
-0.0014
0.00224
0.00442
0.00551
0.00556
0.00551
0.0064
0.00715
0.0077
0.00756
0.00688
0.00654
0.00669
0.00657
0.00606
0.00445
0.00241
5.5E-4
-9.3E-4
-0.0022
-0.00325
-0.00442
-0.00483
-0.00449
-0.00335
-0.00179
-7.2E-4
-6.7E-4
-0.00161
-0.00364
-0.00517
-0.00664
-0.00761
-0.0081
-0.00874
-0.00873
-0.00819
-0.00721
-0.00535
-0.00343
-0.00175
2.0E-5
0.00153
0.00374
0.00734
0.01028
0.0118
0.01222
0.01109
0.01102
0.0108
0.01058
0.00969
0.00791
0.00592
0.00487
0.0037
0.00278
0.00112
-9.4E-4
-0.00248
-0.00339
-0.00343
-0.00311
-0.00281
-0.00218
-0.00114
2.7E-4
0.00186
0.00247
0.00202
-6.0E-4
-0.00457
-0.00716
-0.00921
-0.01001
-0.01038
-0.01099
-0.0106
-0.00903
-0.00684
-0.00382
-0.00183
-7.9E-4
9.0E-5
7.8E-4
0.0026
0.00584
0.00962
0.01224
0.01358
0.01368
0.01396
0.01424
0.014
0.0124
0.00952
0.00602
0.00331
0.00148
1.7E-4
-9.6E-4
-0.00211
-0.00323
-0.00347
-0.00275
-0.00157
-9.0E-4
-6.0E-4
-1.7E-4
6.1E-4
0.00114
3.2E-4
-0.00206
-0.00505
-0.0072
-0.00806
-0.00755
-0.00743
-0.00751
-0.00787
-0.00739
-0.00582
-0.00391
-0.0029
-0.00283
-0.00313
-0.00281
-0.00135
7.9E-4
0.00353
0.00692
0.01101
0.01408
0.01613
0.01643
0.01528
0.01319
0.01032
0.00711
0.00416
0.0013
-6.1E-4
-0.00148
-0.0019
-0.00156
-0.00126
-0.00102
-8.1E-4
-8.2E-4
-0.00111
-0.00134
-0.00203
-0.00276
-0.00432
-0.00637
-0.00809
-0.00847
-0.00776
-0.00598
-0.00452
-0.00383
-0.00381
-0.00406
-0.004
-0.00388
-0.00416
-0.0049
-0.00546
-0.00547
-0.00404
-0.00191
7.8E-4
0.00347
0.00626
0.00975
0.01345
0.01514
0.01498
0.01276
0.01016
0.00781
0.00584
0.00408
0.00254
0.00106
4.7E-4
7.4E-4
0.0014
0.00187
0.00135
1.8E-4
-0.00106
-0.0019
-0.00266
-0.00357
-0.00513
-0.00767
-0.01013
-0.0106
-0.00919
-0.00675
-0.0043
-0.00319
-0.00251
-0.00218
-0.00206
-0.00203
-0.00289
-0.00424
-0.00526
-0.00559
-0.00468
-0.00275
-6.9E-4
0.00139
0.00339
0.00525
0.00736
0.00954
0.01121
0.01147
0.01035
0.00853
0.00712
0.00626
0.0057
0.00503
0.00413
0.00321
0.0028
0.00256
0.00209
0.00113
-2.7E-4
-0.00166
-0.00269
-0.00344
-0.00441
-0.00592
-0.0084
-0.01119
-0.01194
-0.01099
-0.00869
-0.00626
-0.00494
-0.00376
-0.00277
-0.00171
-8.6E-4
-0.00102
-0.00207
-0.00304
-0.00368
-0.00318
-0.00209
-9.0E-4
1.7E-4
0.00125
0.00241
0.00391
0.00504
0.00611
0.00703
0.00727
0.00715
0.00694
0.0069
0.00715
0.00701
0.00664
0.00601
0.0052
0.00441
0.00341
0.00209
8.5E-4
-5.6E-4
-0.00189
-0.00327
-0.00461
-0.00611
-0.00793
-0.01069
-0.01253
-0.01283
-0.01197
-0.00971
-0.00809
-0.00647
-0.00478
-0.00299
-9.6E-4
4.8E-4
5.6E-4
2.5E-4
-2.9E-4
-2.9E-4
3.1E-4
9.6E-4
0.00145
0.00183
0.00209
0.00263
0.00305
0.00308
0.00289
0.00267
0.00261
0.00285
0.00349
0.00423
0.00513
0.00601
0.00704
0.00791
0.00825
0.00796
0.00702
0.00572
0.00443
0.00291
0.00121
-7.8E-4
-0.00292
-0.00528
-0.00816
-0.01149
-0.01339
-0.01407
-0.01331
-0.01181
-0.01048
-0.00898
-0.0072
-0.00523
-0.003
-0.00141
-6.2E-4
6.0E-5
5.4E-4
0.00165
0.00285
0.0039
0.00454
0.00482
0.00483
0.00484
0.00436
0.00351
0.00228
0.00117
4.2E-4
1.1E-4
6.4E-4
0.00163
0.00276
0.00458
0.00616
0.00761
0.00857
0.00876
0.00849
0.00779
0.00656
0.00518
0.00313
9.2E-4
-0.00135
-0.00396
-0.00719
-0.01094
-0.01349
-0.01459
-0.01433
-0.01328
-0.0123
-0.01094
-0.00912
-0.0069
-0.0043
-0.00217
-7.9E-4
3.9E-4
0.00144
0.00293
0.00446
0.00558
0.00612
0.00624
0.00607
0.00593
0.0054
0.00442
0.00317
0.00199
9.7E-4
7.0E-4
0.00109
0.00182
0.00271
0.00394
0.00532
0.00647
0.00734
0.00762
0.00728
0.00652
0.00544
0.00404
0.00228
2.9E-4
-0.00184
-0.00428
-0.00746
-0.01083
-0.01296
-0.01377
-0.01339
-0.01267
-0.01181
-0.01048
-0.00856
-0.0063
-0.00381
-0.00184
-4.0E-4
7.4E-4
0.0018
0.00309
0.00437
0.00522
0.00555
0.0056
0.00552
0.00538
0.00488
0.00398
0.00277
0.00172
8.3E-4
5.2E-4
8.4E-4
0.00143
0.00227
0.00355
0.00486
0.00615
0.00704
0.00741
0.00725
0.00672
0.00574
0.00444
0.00265
5.9E-4
-0.00167
-0.00421
-0.00727
-0.01039
-0.01267
-0.0138
-0.01364
-0.01312
-0.01231
-0.01107
-0.00919
-0.00674
-0.00418
-0.002
-2.2E-4
0.00118
0.00244
0.00373
0.0049
0.00569
0.00601
0.00601
0.0059
0.00564
0.0051
0.00423
0.00307
0.00205
0.00119
5.7E-4
4.7E-4
7.4E-4
0.00134
0.00244
0.00373
0.00495
0.00595
0.0066
0.00695
0.00688
0.00629
0.0053
0.00374
0.00183
-2.9E-4
-0.00268
-0.00549
-0.00869
-0.01136
-0.01294
-0.01354
-0.01354
-0.01323
-0.0123
-0.01075
-0.00858
-0.00609
-0.00362
-0.00146
4.2E-4
0.00195
0.00346
0.0048
0.00581
0.00625
0.0063
0.00608
0.00573
0.00517
0.00446
0.00359
0.00276
0.00212
0.00154
0.00126
0.00141
0.00169
0.00226
0.00291
0.00354
0.00421
0.0048
0.00523
0.0054
0.00519
0.00466
0.0037
0.00232
8.1E-4
-9.6E-4
-0.00299
-0.00527
-0.00741
-0.00906
-0.01018
-0.01092
-0.01133
-0.01129
-0.01079
-0.00964
-0.00809
-0.00629
-0.0045
-0.00278
-0.0011
5.4E-4
0.00208
0.00345
0.00437
0.00501
0.00537
0.00546
0.0054
0.00518
0.00484
0.00445
0.00415
0.00391
0.00364
0.00363
0.00372
0.00379
0.004
0.00413
0.00407
0.00395
0.00372
0.00342
0.00298
0.00233
0.00156
6.1E-4
-4.9E-4
-0.00167
-0.00299
-0.00446
-0.00584
-0.00704
-0.00818
-0.00912
-0.00974
-0.01014
-0.01004
-0.00945
-0.00857
-0.00747
-0.00623
-0.0049
-0.00334
-0.00179
-2.4E-4
0.00119
0.00231
0.00331
0.00416
0.00476
0.00529
0.00552
0.00546
0.00532
0.0051
0.00501
0.00479
0.00446
0.00435
0.00416
0.00398
0.00402
0.00386
0.00356
0.00318
0.00268
0.0022
0.00166
9.4E-4
9.0E-5
-0.00103
-0.00217
-0.00344
-0.00491
-0.00611
-0.00723
-0.00843
-0.00927
-0.00976
-0.00998
-0.00972
-0.00903
-0.0081
-0.00695
-0.00564
-0.00412
-0.00251
-9.8E-4
5.4E-4
0.00179
0.00283
0.00371
0.00435
0.00477
0.00497
0.00487
0.0047
0.0044
0.00415
0.00409
0.0039
0.00371
0.00372
0.00378
0.00383
0.00401
0.00416
0.00398
0.00356
0.00284
0.0021
0.00122
4.0E-4
-5.1E-4
-0.00152
-0.00269
-0.00399
-0.00549
-0.00674
-0.00787
-0.00888
-0.00954
-0.00988
-0.00997
-0.00952
-0.00872
-0.00751
-0.00597
-0.00433
-0.00281
-0.00136
-2.0E-4
9.9E-4
0.00184
0.00249
0.00299
0.00305
0.00296
0.00279
0.00255
0.00255
0.00277
0.00337
0.0047
0.00584
0.0066
0.00682
0.00637
0.00604
0.00534
0.00492
0.00431
0.00325
0.00203
8.4E-4
-3.6E-4
-0.00119
-0.00205
-0.00286
-0.00388
-0.00517
-0.00658
-0.00801
-0.00894
-0.00955
-0.00981
-0.00955
-0.00902
-0.00816
-0.00686
-0.0054
-0.00378
-0.0023
-0.00105
-1.8E-4
2.0E-4
2.5E-4
1.8E-4
4.0E-5
7.0E-5
1.1E-4
1.5E-4
3.6E-4
5.2E-4
9.1E-4
0.00151
0.00229
0.00332
0.00489
0.00674
0.00798
0.00855
0.00806
0.00745
0.0064
0.00561
0.00502
0.00408
0.00309
0.00176
2.8E-4
-0.00118
-0.00254
-0.00384
-0.00512
-0.00663
-0.00817
-0.00937
-0.01035
-0.01075
-0.01056
-0.00972
-0.00837
-0.00671
-0.00516
-0.00381
-0.00263
-0.00152
-6.8E-4
-8.0E-5
1.4E-4
4.0E-5
-2.9E-4
-6.6E-4
-6.8E-4
-5.6E-4
-1.9E-4
2.1E-4
4.1E-4
6.9E-4
0.00107
0.00177
0.003
0.00495
0.00678
0.0081
0.00857
0.00806
0.00727
0.00604
0.00526
0.00447
0.00365
0.00265
0.00114
-4.5E-4
-0.00229
-0.00391
-0.00529
-0.00656
-0.00777
-0.00888
-0.00984
-0.01063
-0.01092
-0.01052
-0.00952
-0.00804
-0.00624
-0.00466
-0.00338
-0.00234
-0.00155
-8.2E-4
-3.1E-4
-9.0E-5
-6.0E-5
-3.3E-4
-5.6E-4
-7.1E-4
-6.8E-4
-2.8E-4
8.0E-5
4.4E-4
8.8E-4
0.00136
0.00211
0.00337
0.00526
0.00698
0.00838
0.00876
0.00817
0.0071
0.00546
0.00439
0.00343
0.00274
0.00204
8.1E-4
-6.5E-4
-0.00255
-0.00431
-0.00594
-0.00733
-0.00833
-0.00908
-0.00959
-0.01011
-0.01035
-0.01008
-0.00933
-0.00798
-0.00629
-0.00463
-0.00322
-0.00217
-0.00158
-0.00121
-0.00104
-9.1E-4
-7.8E-4
-7.7E-4
-5.7E-4
-5.0E-4
-3.8E-4
-1.4E-4
7.0E-5
5.2E-4
0.00109
0.00185
0.00289
0.00433
0.00605
0.00752
0.00856
0.00862
0.00811
0.00688
0.00543
0.00427
0.00305
0.00232
0.00141
2.8E-4
-0.00115
-0.00308
-0.00486
-0.00667
-0.00811
-0.00901
-0.00954
-0.00985
-0.01014
-0.01005
-0.00975
-0.00905
-0.00765
-0.00593
-0.00397
-0.00216
-7.6E-4
3.0E-5
4.1E-4
4.1E-4
4.9E-4
5.0E-4
6.5E-4
7.8E-4
8.2E-4
7.0E-4
4.7E-4
3.2E-4
3.5E-4
5.9E-4
0.00117
0.00226
0.0037
0.00514
0.00658
0.00729
0.00756
0.00701
0.00594
0.0051
0.0042
0.0038
0.00347
0.00279
0.00173
-2.4E-4
-0.00259
-0.0054
-0.00866
-0.01115
-0.01289
-0.01356
-0.0133
-0.01296
-0.01189
-0.01088
-0.00925
-0.00696
-0.00438
-0.00178
4.5E-4
0.00177
0.0025
0.00255
0.00241
0.00237
0.00235
0.00255
0.00248
0.00204
0.00137
4.1E-4
-4.8E-4
-0.00104
-0.00122
-6.2E-4
5.7E-4
0.00213
0.00387
0.00542
0.00671
0.00759
0.0078
0.00787
0.00764
0.00737
0.00703
0.0061
0.00478
0.00254
-2.1E-4
-0.00323
-0.00632
-0.00942
-0.01244
-0.01437
-0.01539
-0.01512
-0.01435
-0.01291
-0.01133
-0.00958
-0.00728
-0.00485
-0.00232
-1.3E-4
0.00147
0.00246
0.00294
0.00314
0.00338
0.00364
0.00388
0.0038
0.00318
0.00207
6.3E-4
-6.4E-4
-0.00139
-0.00104
1.5E-4
0.00177
0.00341
0.00471
0.00565
0.00631
0.00688
0.00736
0.00767
0.00765
0.00718
0.00617
0.00464
0.00264
4.0E-4
-0.00205
-0.00458
-0.00716
-0.01022
-0.01284
-0.01484
-0.01571
-0.01528
-0.01416
-0.01208
-0.01003
-0.00777
-0.00549
-0.00329
-0.0011
7.1E-4
0.00229
0.00324
0.00385
0.00412
0.00424
0.00422
0.0041
0.00376
0.00296
0.00203
0.00102
3.7E-4
4.5E-4
0.00119
0.00243
0.00369
0.00478
0.00556
0.00592
0.00638
0.00684
0.00721
0.00745
0.00717
0.00629
0.00471
0.00274
6.2E-4
-0.00149
-0.00347
-0.00557
-0.00811
-0.0111
-0.01372
-0.01578
-0.01624
-0.01517
-0.01316
-0.01021
-0.00781
-0.00555
-0.00389
-0.00254
-8.9E-4
6.4E-4
0.00246
0.00379
0.00467
0.00501
0.00457
0.00402
0.0034
0.003
0.0028
0.00263
0.0026
0.0026
0.00269
0.00292
0.00346
0.0041
0.00489
0.00567
0.00624
0.00673
0.0068
0.00666
0.00611
0.00531
0.00427
0.00289
0.00134
-5.4E-4
-0.00258
-0.00478
-0.00716
-0.00978
-0.01243
-0.01442
-0.01553
-0.01525
-0.01395
-0.01183
-0.00936
-0.00711
-0.00491
-0.00331
-0.00183
-3.4E-4
0.00105
0.00254
0.00363
0.00443
0.00465
0.00441
0.00408
0.00372
0.00373
0.00407
0.00455
0.00494
0.0051
0.00504
0.00467
0.00434
0.00429
0.0044
0.00467
0.00486
0.00481
0.00445
0.00384
0.00316
0.00228
0.00133
2.3E-4
-0.00107
-0.00253
-0.00416
-0.00603
-0.00826
-0.01056
-0.01257
-0.01398
-0.01426
-0.01357
-0.01193
-0.00964
-0.00745
-0.00533
-0.00369
-0.00245
-0.0013
-2.0E-4
0.00116
0.00242
0.00361
0.00451
0.00482
0.00505
0.00525
0.00565
0.00624
0.00672
0.00703
0.00687
0.00643
0.00583
0.00504
0.00426
0.00359
0.00306
0.00282
0.00271
0.00254
0.00208
0.00136
4.6E-4
-5.0E-4
-0.0015
-0.00234
-0.00321
-0.00423
-0.00545
-0.00713
-0.00909
-0.0109
-0.01232
-0.01285
-0.01254
-0.01145
-0.00968
-0.00793
-0.00626
-0.0049
-0.00382
-0.00267
-0.00157
-1.4E-4
0.00139
0.0029
0.00429
0.00527
0.00618
0.00682
0.00737
0.00784
0.00722
0.00646
0.00541
0.00411
0.00268
0.0013
2.3E-4
-3.4E-4
-3.3E-4
1.2E-4
9.6E-4
0.00189
0.00278
0.00346
0.00396
0.0044
0.00468
0.00491
0.00488
0.00438
0.00343
0.00167
-5.6E-4
-0.00291
-0.00502
-0.00633
-0.00691
-0.00668
-0.00598
-0.00516
-0.00418
-0.00331
-0.00232
-0.00115
2.8E-4
0.00207
0.00384
0.00551
0.00687
0.00769
0.00815
0.00828
0.00823
0.008
0.00758
0.00683
0.0057
0.0043
0.00273
0.00132
2.3E-4
-2.9E-4
-2.8E-4
1.0E-4
8.4E-4
0.00154
0.00229
0.00291
0.0035
0.00409
0.00452
0.00488
0.00482
0.00422
0.00305
0.00119
-9.4E-4
-0.00309
-0.00487
-0.00606
-0.00663
-0.00645
-0.00601
-0.00536
-0.00446
-0.00351
-0.0023
-8.4E-4
8.4E-4
0.00261
0.00427
0.00569
0.00675
0.00757
0.0082
0.00856
0.00872
0.00868
0.00817
0.00719
0.00587
0.00435
0.00289
0.0016
8.0E-4
3.3E-4
1.3E-4
2.5E-4
4.4E-4
9.3E-4
0.00158
0.00236
0.00328
0.00403
0.00463
0.00481
0.00455
0.00386
0.00253
8.7E-4
-9.3E-4
-0.00263
-0.00417
-0.0053
-0.00592
-0.00613
-0.00582
-0.00527
-0.00436
