-19.72926
-19.90474
-18.50088
-17.02181
-14.76561
-14.08874
-14.37704
-15.68062
-15.60541
-15.4174
-16.34495
-17.94936
-19.1652
-19.57884
-20.14289
-20.08022
-19.90474
-19.10253
-18.363
-16.52043
-15.36726
-14.01354
-12.73502
-11.14314
-8.15994
-4.97618
-2.24367
-0.52645
0.15041
1.59188
1.84257
1.86764
2.181
1.8551
2.908
4.86337
6.43018
8.4357
12.28378
14.3269
16.85886
19.70419
23.55227
26.78616
26.23465
26.38506
25.87115
22.14841
19.55377
17.03434
14.47731
15.63048
17.09702
18.08724
19.34069
19.62898
19.24041
19.91727
21.35874
23.06342
23.8531
24.41715
22.78767
22.08574
21.29606
19.41589
17.33517
15.4174
16.63324
18.60115
22.01053
26.94911
30.79719
33.47957
36.61319
37.62848
38.50589
39.78441
42.20356
43.21885
44.29682
44.54751
43.49461
42.6548
40.53648
39.95989
39.52118
40.74956
39.92229
39.90975
40.58661
42.99323
43.98345
44.08373
44.59764
44.49737
43.09351
40.89997
38.89446
35.13412
33.52971
30.4713
28.20256
24.86839
20.9827
15.36726
11.59438
9.43846
9.08749
7.24492
6.38005
6.69341
5.65305
5.54024
2.51943
-1.95538
-6.95663
-10.76711
-16.99674
-20.6192
-25.40737
-29.14264
-32.01304
-34.97117
-37.64101
-40.4362
-41.5267
-40.23565
-38.41815
-36.4377
-34.92103
-36.51291
-37.18977
-36.68839
-36.16195
-36.83881
-34.28177
-32.42667
-31.02281
-30.24568
-30.1454
-29.84457
-28.62873
-28.35297
-27.87666
-26.46027
-25.80847
-25.10654
-26.8739
-28.6538
-30.85986
-34.79569
-38.80672
-41.47656
-44.68538
-48.08223
-50.23815
-51.04036
-53.3091
-53.35924
-54.86337
-56.79368
-58.63625
-61.19328
-62.00802
-63.5623
-63.72524
-64.75307
-64.27676
-64.35197
-65.42993
-66.57057
-65.71823
-64.18902
-62.33392
-60.51642
-57.09451
-53.54725
-50.81474
-47.69366
-44.78566
-42.52946
-41.05039
-37.86663
-34.98371
-29.56881
-26.35999
-24.34194
-24.15392
-23.2013
-22.51191
-22.41163
-22.36149
-21.62196
-19.56631
-17.09702
-13.12359
-11.30609
-8.7992
-7.21985
-4.26172
-1.04036
0.90248
2.14339
5.86613
8.99975
9.98997
10.36601
11.11807
11.99549
13.62497
16.53297
18.63876
20.81975
21.35874
24.05365
24.51742
24.83078
25.89621
25.79594
28.76661
30.99774
32.7651
33.75533
35.44748
37.25244
36.91401
38.48082
38.59363
38.81925
38.90699
38.30534
41.43896
44.76059
48.23264
52.908
56.2171
58.42316
60.71697
60.70444
62.72249
65.20431
66.75859
70.09276
71.52168
73.75282
77.02432
80.39609
81.29857
81.2359
82.60216
82.80271
81.39885
78.3279
76.73602
75.11908
72.22361
70.1805
67.62346
65.37979
62.52194
61.46904
59.82702
57.29506
55.74079
51.75483
48.34545
45.67561
43.46954
41.66458
41.68965
41.2008
41.70218
40.89997
39.83454
39.22036
37.92931
38.71898
38.76912
37.40286
36.8012
35.82351
34.05615
33.66759
31.95036
31.82502
30.45876
29.68162
27.78892
25.99649
24.27927
20.93256
17.61093
12.98571
10.30333
6.00401
2.66984
-0.75207
-6.11682
-9.66408
-13.85059
-17.09702
-19.8922
-22.48684
-25.26949
-27.62597
-28.40311
-30.28328
-30.84733
-32.01304
-31.9629
-32.42667
-35.04638
-36.87641
-38.44322
-40.96265
-42.20356
-44.37202
-47.69366
-49.52369
-50.16295
-49.84959
-49.48609
-51.62948
-54.63775
-56.80622
-60.67937
-63.88819
-64.86588
-64.02607
-63.03585
-61.21835
-58.92454
-55.57784
-54.362
-53.91075
-52.79519
-53.33417
-53.22136
-53.50965
-54.71296
-56.34244
-56.71848
-56.41765
-57.54575
-56.79368
-56.12936
-54.67536
-52.85786
-52.36901
-51.10303
-50.50138
-50.58912
-49.52369
-47.69366
-46.57809
-45.21183
-44.63525
-44.27175
-42.56706
-42.56706
-42.36651
-40.44873
-39.09501
-37.32765
-36.0742
-33.00326
-31.72474
-29.7443
-28.54099
-28.91702
-27.66357
-26.84883
-24.54249
-21.40887
-18.23765
-14.89095
-12.49687
-7.49561
-2.69491
-0.30083
3.93582
6.99423
11.0178
15.37979
19.32815
22.78767
24.32941
24.95613
26.76109
26.48533
26.5104
27.5257
27.81399
28.77914
29.93231
30.32088
31.13562
33.69265
35.44748
35.15919
34.44472
33.20381
33.86814
36.47531
38.06718
41.21334
42.93056
44.8734
44.77313
43.40687
40.82477
37.64101
36.14941
34.20657
33.91828
32.28879
31.73728
32.21359
32.95312
35.73577
37.51567
39.78441
41.68965
42.26623
42.02808
43.30659
43.08097
41.97794
41.80246
40.4362
41.5267
42.6548
43.7077
43.89571
44.5099
44.35949
41.73978
41.01279
40.4362
39.55879
38.95713
37.92931
36.78867
34.69541
30.97267
28.05214
26.27225
25.43244
25.50765
24.90599
23.96591
23.28904
22.0732
18.65129
16.16947
12.99825
10.19052
6.6558
3.83555
2.45676
-1.72976
-5.02632
-8.78666
-11.99549
-15.54274
-15.06643
-13.03585
-10.44121
-8.77413
-9.27551
-9.46352
-10.71697
-11.65706
-13.61243
-15.27952
-16.57057
-18.18752
-20.544
-20.80722
-21.28353
-23.06342
-22.95061
-22.86287
-23.76535
-24.00351
-25.90875
-27.32514
-30.8724
-35.05891
-37.29005
-37.84156
-38.80672
-40.17298
-42.6548
-45.85109
-45.18676
-46.02657
-45.78842
-44.4723
-44.03359
-42.45425
-39.90975
-37.64101
-35.59789
-32.61469
-32.16345
-31.83755
-29.46854
-28.17749
-27.72625
-27.57583
-26.5104
-26.28478
-24.63023
-22.68739
-20.66934
-16.42016
-14.86588
-14.55252
-13.49962
-13.48709
-14.95362
-17.53572
-17.49812
-16.84633
-16.65831
-16.29481
-16.57057
-16.9466
-16.15693
-14.41464
-11.44397
-8.26022
-5.13913
-0.51391
3.13362
6.9817
10.02758
11.08047
11.26849
13.77538
16.909
20.51893
22.18601
22.95061
20.9451
17.636
14.47731
12.53447
13.5623
14.67786
16.93407
19.57884
22.13587
23.13863
23.91577
25.7834
28.31537
28.45325
29.02983
29.66909
31.53673
31.2359
28.85435
27.68864
27.5257
28.59113
29.7443
33.11607
35.24693
36.17448
38.40562
38.41815
38.6563
40.81223
42.86789
44.8734
45.6004
45.98897
45.1993
44.28428
40.53648
36.02407
34.11883
31.85009
31.11055
31.71221
30.05766
28.97969
28.90449
26.17197
23.03836
19.25295
15.84357
11.66959
7.88418
4.28679
1.50414
0.17548
-1.25345
0.07521
1.17824
3.89822
4.61268
4.61268
6.17949
5.17674
3.50965
2.64477
2.95813
2.79519
3.09601
3.50965
2.40662
0.73953
-1.4164
-2.84532
-4.21158
-4.57508
-4.3996
-6.44272
-9.07496
-11.7448
-13.12359
-13.87566
-14.35197
-14.10128
-13.51216
-13.95086
-14.33943
-15.69316
-17.04688
-20.19303
-23.1637
-25.39484
-28.59113
-31.16069
-35.87365
-38.59363
-40.61168
-42.24116
-44.00852
-43.0183
-38.68137
-36.02407
-33.93081
-32.35147
-31.39885
-30.55904
-31.44898
-32.46428
-32.30133
-30.94761
-27.61344
-27.41289
-28.46578
-27.28754
-26.37252
-24.89346
-22.21108
-19.02733
-15.76836
-13.31161
-11.88268
-12.86037
-12.09576
-11.73226
-11.43144
-10.31587
-11.53171
-11.14314
-10.72951
-9.90223
-9.26297
-7.90925
-6.60567
-4.86337
-2.44422
1.1281
4.7631
4.88844
5.99148
5.42743
5.41489
6.60567
6.40511
9.33818
11.80747
13.66257
13.91326
14.2893
13.78792
14.3269
17.64853
19.24041
20.60667
21.43394
22.64979
23.08849
22.92555
22.61218
23.70268
22.88794
22.95061
22.69992
22.98822
24.15392
23.81549
22.93808
22.75006
25.40737
25.95889
28.54099
30.5089
33.04086
36.68839
39.13261
44.8358
49.54876
52.30634
55.11406
55.21434
54.61268
53.93582
52.64477
50.87741
49.52369
48.85936
47.7438
48.27024
49.38581
50.88995
51.21584
50.0376
48.74655
47.15468
43.68263
40.18551
36.95162
33.10353
29.59388
27.46302
26.63575
26.23465
28.2903
28.67887
27.9644
28.40311
29.43094
31.5994
32.62722
34.51993
37.453
38.40562
39.43344
40.1103
39.44598
38.90699
37.79143
37.07696
37.72875
37.54074
37.8917
37.1271
34.60767
31.69967
29.26799
28.57859
26.28478
24.71797
22.77513
19.44096
14.12635
8.22261
2.49436
-2.39408
-6.5806
-12.44673
-17.79895
-21.68463
-24.16646
-26.24718
-27.53823
-31.1983
-34.55753
-38.5811
-41.1256
-41.23841
-41.5267
-40.33592
-41.25094
-43.3442
-44.62271
-45.62547
-46.3274
-47.64352
-49.04738
-49.78691
-52.181
-52.41915
-52.2562
-53.32163
-55.21434
-56.95663
-56.64327
-56.16696
-56.10429
-56.6182
-57.60842
-59.2003
-60.00251
-61.43144
-62.35899
-61.68213
-60.45375
-59.81449
-58.91201
-56.64327
-57.3452
-58.52344
-59.9273
-61.3813
-63.26147
-65.27952
-67.37278
-69.27801
-70.49386
-72.4743
-73.31411
-76.8363
-79.63149
-81.62447
-84.15643
-86.66332
-87.80396
-88.01705
-89.19529
-89.92229
-90.37353
-93.39433
-97.55578
-98.97217
-98.8719
-98.60867
-96.74104
-95.31211
-97.07947
-98.93457
-100.0
-99.83705
-99.00978
-96.81624
-93.63249
-89.54625
-83.86814
-77.75132
-72.12334
-65.4926
-59.8897
-55.11406
-50.65179
-46.66583
-42.78015
-37.75382
-31.51166
-25.53271
-19.95488
-16.13186
-12.1459
-9.65154
-6.56806
-2.45676
-1.02783
-0.10028
0.07521
1.00276
1.96791
1.93031
3.20882
3.23389
5.59037
6.81875
7.05691
7.98446
6.43018
5.23941
4.38706
4.44974
6.09175
9.18777
9.11256
7.99699
8.62372
9.37578
9.6014
9.93983
10.39108
8.56104
8.21008
9.07496
10.85485
11.71973
14.01354
16.57057
18.98972
20.36851
22.14841
26.1093
27.55076
31.31111
34.43219
36.06167
38.19253
40.86237
41.35122
41.81499
42.78015
43.59489
43.90825
44.94861
47.51817
49.32314
49.53622
50.3259
50.26322
50.23815
53.25896
55.31462
58.64878
60.09025
59.76435
59.78942
59.21284
57.3452
55.18927
54.28679
53.74781
52.99574
51.94284
49.38581
47.40536
46.25219
44.68538
41.47656
38.81925
37.18977
34.24417
30.68438
28.13988
25.45751
20.83229
17.43545
15.12911
14.76561
14.18902
13.07345
12.33392
9.9649
8.7992
8.46077
4.68789
4.11131
5.96641
5.33968
7.11958
7.88418
6.43018
6.5806
5.9288
5.4901
6.79368
8.48584
9.07496
8.15994
9.2379
12.59714
16.82126
19.75432
21.23339
21.98546
22.12334
22.34896
21.33367
20.9451
21.42141
21.05791
19.50363
16.74605
14.87842
14.3269
13.47456
12.53447
11.43144
9.66408
8.1098
5.76586
4.52494
3.3091
1.4916
1.35372
1.16571
0.3635
-0.26322
-1.35372
-1.1281
0.10028
-0.57659
0.20055
1.21584
2.79519
4.7631
5.8912
9.37578
13.44949
17.68614
20.50639
21.00777
22.34896
22.87541
23.43946
24.83078
25.04387
25.69566
27.35021
28.21509
28.2903
27.11206
25.0188
23.1637
21.65956
21.59689
21.75984
22.23615
21.15819
21.14565
22.38656
23.27651
23.35172
22.53698
22.12334
22.93808
23.60241
22.12334
22.28629
21.3462
21.57182
21.43394
20.86989
21.07044
20.99524
21.6721
23.42692
25.69566
27.51316
27.58837
25.36977
22.42417
21.17072
22.01053
21.84758
20.88243
19.77939
20.16796
18.25019
15.65555
15.19178
16.26974
16.8714
17.14715
14.82828
13.83805
12.78516
12.53447
12.32138
11.36876
12.547
11.00526
10.02758
7.63349
4.90098
2.26874
0.3259
-0.17548
0.28829
0.57659
0.50138
0.80221
0.55152
-2.03058
-3.66007
-6.64327
-10.41614
-16.57057
-21.94786
-27.85159
-35.62296
-40.67435
-45.09902
-45.71321
-46.84131
-48.23264
-50.67686
-51.84257
-53.86062
-56.88142
-59.26297
-59.1627
-56.01655
-53.79794
-51.52921
-47.75633
-45.65054
-45.34971
-42.73001
-42.6924
-43.77037
-44.42216
-43.28152
-41.58937
-40.13537
-38.40562
-37.22738
-36.31236
-36.09927
-35.78591
-35.89872
-34.97117
-36.58812
-37.65355
-38.66884
-41.41389
-44.38456
-48.8719
-52.31888
-55.27701
-58.23515
-59.41339
-60.79218
-61.60692
-62.12083
-61.36876
-60.2532
-60.52895
-59.85209
-59.57633
-60.44121
-62.89797
-63.38681
-63.76285
-63.1988
-62.86037
-60.80471
-59.57633
-57.97192
-55.36475
-53.44698
-50.07521
-46.76611
-40.95011
-36.0742
-32.47681
-30.15793
-27.5633
-25.80847
-25.13161
-24.89346
-24.84332
-24.6553
-22.77513
-20.9075
-18.60115
-16.64578
-13.67511
-11.53171
-8.36049
-3.74781
0.26322
4.11131
4.17398
7.03184
10.22813
13.09852
15.4174
18.4006
23.27651
25.29456
25.15668
24.9812
25.04387
24.45475
21.94786
20.69441
20.74455
21.62196
22.90048
24.69291
26.77363
27.62597
28.41564
28.66633
29.18025
28.57859
28.40311
28.61619
29.0173
29.80697
32.20105
35.93632
37.20231
37.77889
40.57408
41.90273
43.43194
45.6004
49.00978
52.74505
54.49987
57.43294
58.97468
60.86739
61.40637
61.71973
61.49411
61.64452
62.42166
63.39935
65.06643
65.24192
64.40211
64.84081
65.29205
64.55252
63.73778
63.51216
63.68764
62.23364
61.0178
57.99699
54.13638
50.28829
46.51542
42.02808
38.5811
34.95864
32.4016
30.84733
30.12033
29.84457
28.97969
26.7987
26.0717
27.40035
25.73327
24.05365
21.25846
17.81148
14.22662
10.54149
8.23515
4.49987
-0.02507
-2.43169
-5.02632
-6.88142
-10.27827
-11.16821
-11.56932
-12.15844
-13.14866
-14.35197
-14.38957
-16.31988
-18.27526
-22.02306
-24.10379
-25.84608
-28.87942
-32.15092
-33.32916
-36.34996
-41.46403
-43.33166
-42.81775
-43.14365
-43.92078
-45.44999
-48.82176
-51.1281
-53.20882
-55.95387
-58.8368
-59.63901
-58.61118
-58.77413
-59.35071
-60.45375
-60.49135
-60.17799
-58.96215
-56.56806
-54.73803
-50.86488
-48.24517
-45.2369
-43.48208
-42.59213
-41.13813
-40.66182
-39.3457
-39.00727
-38.71898
-39.32063
-39.43344
-40.23565
-41.67711
-43.83304
-44.27175
-42.44171
-41.2008
-38.96967
-36.50038
-33.17874
-31.52419
-30.45876
-28.19002
-27.51316
-28.57859
-29.16771
-31.26097
-30.39609
-30.12033
-31.26097
-29.98245
-27.82652
-24.36701
-20.16796
-13.44949
-5.5653
3.12108
10.90499
15.0915
18.62622
21.15819
23.07596
26.0717
26.63575
28.05214
27.85159
28.70394
29.28052
29.18025
32.364
35.51015
37.80396
40.34846
42.04061
44.27175
46.95412
46.42768
46.22712
48.13236
49.33567
48.57107
48.1825
48.73402
48.97217
51.34119
55.5653
59.45099
65.4926
68.63876
71.25846
71.47155
72.24868
73.79042
73.84056
74.56756
75.3823
74.04111
70.76962
68.51341
63.67511
60.30333
56.06668
51.96791
49.52369
49.33567
49.3106
48.37052
48.37052
48.35798
49.26047
49.02231
48.28278
49.11005
51.07796
51.4916
50.16295
49.97493
50.42617
51.02783
52.15593
51.64202
52.16846
52.87039
53.87315
55.37729
55.57784
56.78115
56.01655
56.00401
57.06944
57.20732
55.21434
51.8927
48.22011
42.59213
34.84583
26.35999
20.01755
16.73352
13.90073
11.97042
8.76159
4.96365
2.46929
-2.31888
-5.00125
-7.72123
-9.40085
-10.6919
-12.33392
-15.20431
-18.62622
-21.25846
-23.51467
-24.2918
-24.59263
-24.71797
-24.10379
-22.8002
-22.8378
-23.4896
-22.81274
-23.50213
-24.01604
-24.2542
-26.86137
-28.87942
-32.48935
-34.95864
-38.81925
-41.8902
-44.99875
-50.06267
-52.68238
-55.10153
-58.02206
-58.86187
-60.2908
-62.5094
-63.274
-63.68764
-62.74756
-60.56656
-58.41063
-58.68639
-59.17523
-59.08749
-59.6014
-59.28804
-60.62923
-61.46904
-59.68915
-59.07496
-58.58611
-58.38556
-58.05966
-57.75884
-57.57082
-58.05966
-58.94961
-58.7992
-57.82151
-59.76435
-62.53447
-64.81574
-65.96891
-66.06919
-65.48007
-64.79067
-65.71823
-64.91602
-64.50238
-63.78792
-61.93282
-60.09025
-56.45525
-51.54174
-49.3106
-47.06693
-44.37202
-43.43194
-40.67435
-36.67586
-32.3264
-25.89621
-21.64703
-17.38531
-14.31436
-12.92304
-10.44121
-7.58335
-4.09877
-0.83981
1.22838
2.16846
3.96089
4.41213
5.08899
4.96365
5.28955
6.40511
6.04161
5.87867
4.96365
2.5821
0.38857
-0.18802
-1.16571
-1.56681
0.87741
3.93582
7.29506
11.26849
15.44247
18.23765
20.80722
22.81274
25.53271
29.86964
32.07571
34.99624
35.64803
34.97117
34.74555
34.28177
35.37227
35.56029
37.56581
38.34294
40.04763
42.20356
41.5643
40.21058
38.24267
37.26498
36.0742
33.8556
31.13562
30.94761
30.25821
29.44347
27.6009
27.57583
28.80421
29.69416
29.48107
29.06744
28.46578
26.42266
26.67335
26.88644
29.69416
31.77488
34.39459
36.7636
36.31236
35.29707
36.04914
35.83605
34.38205
34.31938
34.11883
31.67461
29.19278
27.47556
26.68589
25.04387
22.1108
20.70694
16.80872
14.52745
12.44673
10.09025
8.48584
5.72825
2.14339
1.25345
1.11557
-0.82728
-3.3467
-4.19905
-4.88844
-5.96641
-4.81324
-4.13638
-4.21158
-4.61268
-3.77288
-2.87039
-4.0361
-5.31462
-5.01379
-5.45249
-6.99423
-8.7992
-11.43144
-14.08874
-16.24467
-18.01203
-19.60391
-21.03284
-21.38381
-22.08574
-22.7626
-25.04387
-27.06192
-27.13713
-28.96716
-30.15793
-30.20807
-31.57433
-33.0534
-32.7651
-31.71221
-31.08549
-30.38355
-28.46578
-26.8363
-26.5104
-22.61218
-18.30033
-14.82828
-11.84507
-8.76159
-4.31186
-1.74229
-0.11281
1.16571
3.23389
3.97343
2.59464
-0.07521
-2.71998
-6.75608
-10.87992
-11.14314
-11.4189
-11.25595
-9.9273
-9.55127
-8.7992
-8.27275
-7.13211
-6.16696
-5.82853
-7.29506
-8.1098
-7.04437
-6.09175
-4.92605
-3.92329
-2.23114
-1.16571
1.98045
6.56806
9.81449
11.49411
12.8729
15.10404
18.06217
20.48132
23.8907
25.21935
25.53271
26.48533
27.5633
28.94209
29.56881
31.09802
31.97543
31.72474
30.70945
31.2735
31.57433
31.2735
30.85986
31.29857
32.87791
33.25395
35.05891
36.21208
37.71622
41.01279
42.10328
45.02382
46.42768
47.04187
48.33292
50.77714
51.95538
52.5821
55.26448
55.95387
57.64603
58.0722
59.25044
59.82702
60.45375
60.35347
56.36751
51.59188
48.23264
44.92354
39.59639
36.17448
34.83329
34.09376
33.59238
32.15092
31.34871
32.56455
32.71497
34.53246
36.47531
35.94886
33.76786
31.17323
28.70394
26.25971
23.8907
20.97017
18.0371
15.80597
14.84081
13.01078
13.57483
13.17373
12.00802
10.19052
8.99975
6.41765
3.73527
1.47907
-4.27425
-9.55127
-12.76009
-14.40211
-16.24467
-17.69867
-19.10253
-20.93256
-23.82803
-22.36149
-22.14841
-22.12334
-23.03836
-24.55503
-24.99373
-27.31261
-28.62873
-28.99223
-30.20807
-32.41414
-33.50464
-33.90574
-31.97543
-31.67461
-32.31386
-33.94334
-36.67586
-37.95437
-39.85961
-42.02808
-43.20632
-45.9263
-47.35523
-49.17272
-51.4916
-54.19905
-56.88142
-59.27551
-61.92028
-63.14866
-65.84357
-66.89647
-69.32815
-70.68188
-72.0356
-72.97568
-71.15819
-69.54124
-67.13462
-64.41464
-59.90223
-58.54851
-57.29506
-55.61544
-55.37729
-53.84808
-53.32163
-53.43444
-52.97067
-53.54725
-54.95112
-53.35924
-52.48183
-52.39408
-51.29105
-49.72424
-45.77588
-43.94585
-43.30659
-43.75783
-46.31487
-46.52795
-45.08649
-43.31913
-42.27877
-39.05741
-36.60065
-33.66759
-32.06317
-30.03259
-26.53547
-22.13587
-17.58586
-15.69316
-12.8729
-10.09025
-6.07922
-3.08348
-0.22562
-0.15041
1.25345
2.46929
4.52494
5.4901
5.4901
7.24492
8.29782
10.60416
12.86037
13.9258
13.04838
12.33392
10.26573
10.04011
9.81449
11.40637
13.28654
12.52194
11.99549
12.22111
12.40913
13.77538
16.24467
17.78641
20.09276
22.22361
24.91853
28.35297
31.33617
33.88067
38.2176
44.0712
47.46804
49.02231
50.94009
51.15317
50.27576
50.15041
48.15743
46.84131
46.20206
47.092
48.97217
49.2354
50.63926
50.91502
49.5989
47.88167
46.33993
45.18676
44.71045
42.83028
42.74254
43.98345
43.14365
41.63951
40.17298
40.67435
41.36375
43.50714
46.42768
47.19228
45.41238
43.59489
41.21334
37.41539
35.84858
33.0534
29.93231
26.04663
23.18877
21.04537
17.48559
16.37002
13.5623
11.03033
8.09727
5.03886
2.60717
-1.65455
-6.12936
-9.93983
-12.86037
-15.84357
-17.47305
-18.63876
-19.55377
-20.80722
-22.7626
-22.33643
-22.12334
-21.42141
-20.68188
-21.82251
-23.05089
-25.60792
-27.73878
-28.79168
-28.96716
-30.52143
-29.54375
-27.40035
-28.70394
-28.34044
-28.80421
-30.30835
-30.96014
-30.13287
-29.34319
-29.33066
-30.78466
-34.2191
-35.6731
-37.27751
-39.05741
-39.44598
-40.49887
-41.26347
-42.36651
-45.44999
-49.14766
-54.61268
-60.72951
-64.87842
-67.56079
-70.92003
-71.45901
-70.11782
-68.70143
-67.78641
-67.02181
-64.91602
-65.06643
-64.82828
-63.77538
-61.76987
-61.15568
-60.6543
-57.89672
-57.49561
-56.91903
-55.33968
-53.93582
-50.94009
-46.96666
-43.56982
-42.19103
-38.78165
-33.60491
-28.50338
-24.39208
-21.79744
-19.84207
-19.27801
-17.14715
-16.25721
-16.73352
-14.62773
-12.20857
-7.6711
-3.3091
-0.01253
5.10153
9.35071
12.44673
15.01629
15.54274
14.90348
15.42993
14.46478
15.66809
16.83379
18.95212
20.49386
23.38932
28.2903
32.55202
36.92655
40.13537
42.79268
41.61444
42.09075
42.50439
44.42216
45.22437
44.88594
43.63249
41.26347
40.0351
38.9822
38.23013
36.23715
36.13688
36.34996
36.70093
37.0895
37.13963
37.94184
40.01003
42.31637
46.20206
50.75207
54.41213
57.64603
57.75884
59.57633
60.51642
60.93006
61.45651
63.06092
66.26974
66.80872
69.20281
70.04262
70.95763
70.81975
70.03008
69.82953
67.66107
66.47029
64.001
60.46628
58.69892
54.44974
50.6894
48.52093
46.35247
44.59764
42.14089
40.31085
38.24267
35.86112
35.15919
35.33467
36.18701
39.15768
41.67711
40.54901
38.5811
38.20506
37.05189
37.37779
36.12434
35.64803
35.83605
35.76084
37.82903
38.86939
39.05741
39.85961
38.71898
38.10479
35.46002
34.11883
31.87516
27.03685
23.67761
18.97719
14.62773
11.66959
9.68915
3.77288
0.87741
-3.84808
-8.98721
-11.90775
-15.0915
-16.95914
-18.70143
-20.80722
-22.02306
-20.95763
-20.28077
-19.72926
-20.51893
-20.00501
-19.74179
-21.37127
-21.59689
-21.42141
-23.38932
-24.88092
-25.09401
-23.99098
-21.40887
-19.1276
-16.74605
-16.60817
-17.52319
-18.17498
-20.20557
-22.28629
-24.55503
-26.46027
-28.91702
-30.89747
-31.83755
-30.73452
-29.91978
-29.95738
-29.61895
-28.91702
-28.94209
-29.51868
-30.93507
-31.76235
-31.68714
-32.22612
-32.42667
-33.60491
-33.62998
-34.26924
-33.17874
-31.49912
-32.41414
-34.10629
-34.70795
-34.60767
-33.75533
-33.06593
-33.07847
-34.03109
-34.70795
-33.73026
-32.91552
-31.68714
-32.15092
-32.13838
-31.81248
-31.82502
-30.49637
-30.17047
-28.87942
-28.79168
-29.43094
-28.34044
-26.8739
-24.9812
-22.78767
-20.39358
-16.55803
-9.27551
-4.24919
-0.43871
4.63775
7.53322
9.76435
8.24768
6.05415
6.48032
5.60291
4.3996
4.27425
4.29932
5.99148
8.58611
11.66959
17.54826
20.14289
20.92003
21.22086
20.83229
18.56355
15.455
11.63199
5.95387
1.00276
-2.77012
-4.01103
-7.60842
-9.47606
-7.60842
-6.88142
-6.95663
-5.21434
-3.9985
-3.73527
-5.08899
-5.13913
-5.26448
-5.57784
-4.52494
-4.18651
-1.62948
1.01529
2.97067
4.12384
5.18927
6.6558
8.62372
9.61394
12.13337
11.64452
9.41339
8.84934
7.24492
5.9288
4.37453
0.92755
-3.10855
-5.25194
-6.99423
-10.12785
-14.52745
-17.77388
-21.68463
-24.59263
-25.99649
-26.05916
-26.86137
-28.39057
-28.729
-28.84181
-28.54099
-26.88644
-27.70118
-29.89471
-30.22061
-31.79995
-33.29155
-36.0742
-40.37353
-45.08649
-47.40536
-48.98471
-48.69642
-46.62823
-43.03083
-39.57132
-37.47806
-35.08398
-34.19403
-34.65781
-34.97117
-35.86112
-39.60892
-42.81775
-48.03209
-50.43871
-49.82452
-48.64628
-47.44297
-45.03635
-42.01554
-38.16746
-33.4169
-31.95036
-28.81675
-25.84608
-22.78767
-20.29331
-20.01755
-20.39358
-18.90198
-19.10253
-19.69165
-19.29055
-19.36576
-19.94234
-20.11782
-18.18752
-17.22236
-16.11933
-14.08874
-11.84507
-10.19052
-9.58887
-9.93983
-10.27827
-10.04011
-9.15016
-9.71421
-8.91201
-7.79644
-7.42041
-6.46779
-6.17949
-5.69065
-2.89546
0.83981
5.18927
9.15016
12.32138
14.89095
16.30735
19.59138
21.04537
23.9283
26.12184
26.02156
29.36826
27.24994
25.65806
28.20256
26.02156
31.46152
32.46428
34.20657
40.24818
38.68137
45.53773
46.74104
49.98747
55.81599
55.47756
59.46352
59.75182
58.46077
58.97468
56.88142
57.10704
57.84658
57.3452
61.0554
60.64176
62.22111
63.03585
64.07621
64.02607
62.78516
62.07069
61.73226
61.13061
59.37578
57.11958
55.76586
56.99423
56.93156
55.86613
55.40236
54.11131
53.25896
53.55979
53.15869
53.07095
53.64753
53.45951
53.3467
53.3467
54.0361
53.86062
53.3091
52.78265
50.99022
49.76185
48.42066
47.98195
48.44573
48.32038
47.4179
46.21459
44.88594
43.23139
42.19103
