1.35135
1.35135
1.35135
2.7027
2.7027
2.7027
2.7027
2.7027
2.7027
2.7027
4.05405
4.05405
4.05405
4.05405
4.05405
4.05405
4.05405
4.05405
4.05405
4.05405
4.05405
4.05405
4.05405
5.40541
5.40541
5.40541
5.40541
5.40541
6.75676
6.75676
6.75676
6.75676
6.75676
6.75676
8.10811
9.45946
9.45946
9.45946
9.45946
9.45946
9.45946
10.81081
10.81081
10.81081
10.81081
12.16216
12.16216
13.51351
13.51351
14.86486
14.86486
14.86486
14.86486
14.86486
16.21622
16.21622
16.21622
16.21622
16.21622
16.21622
16.21622
16.21622
16.21622
16.21622
16.21622
16.21622
16.21622
16.21622
16.21622
16.21622
16.21622
16.21622
17.56757
18.91892
18.91892
18.91892
18.91892
18.91892
18.91892
18.91892
18.91892
18.91892
18.91892
18.91892
18.91892
18.91892
20.27027
20.27027
20.27027
20.27027
21.62162
21.62162
22.97297
22.97297
22.97297
22.97297
22.97297
22.97297
24.32432
25.67568
25.67568
25.67568
25.67568
25.67568
25.67568
25.67568
25.67568
27.02703
27.02703
27.02703
27.02703
27.02703
27.02703
27.02703
27.02703
27.02703
27.02703
27.02703
27.02703
27.02703
27.02703
27.02703
27.02703
27.02703
27.02703
28.37838
28.37838
28.37838
29.72973
31.08108
32.43243
33.78378
33.78378
33.78378
33.78378
33.78378
33.78378
33.78378
33.78378
33.78378
33.78378
33.78378
33.78378
33.78378
33.78378
33.78378
33.78378
35.13514
36.48649
36.48649
37.83784
39.18919
39.18919
39.18919
39.18919
39.18919
39.18919
39.18919
39.18919
39.18919
39.18919
39.18919
39.18919
39.18919
39.18919
39.18919
40.54054
40.54054
41.89189
41.89189
41.89189
41.89189
41.89189
43.24324
44.59459
45.94595
45.94595
45.94595
45.94595
47.2973
47.2973
47.2973
47.2973
47.2973
47.2973
48.64865
50.0
50.0
50.0
51.35135
51.35135
52.7027
52.7027
52.7027
52.7027
52.7027
52.7027
52.7027
54.05405
55.40541
55.40541
55.40541
55.40541
55.40541
55.40541
55.40541
55.40541
55.40541
56.75676
58.10811
58.10811
59.45946
59.45946
59.45946
59.45946
59.45946
59.45946
59.45946
59.45946
59.45946
59.45946
59.45946
59.45946
59.45946
59.45946
59.45946
59.45946
59.45946
59.45946
59.45946
59.45946
60.81081
62.16216
62.16216
63.51351
64.86486
64.86486
64.86486
64.86486
64.86486
63.51351
63.51351
63.51351
62.16216
62.16216
62.16216
62.16216
62.16216
62.16216
62.16216
60.81081
60.81081
60.81081
60.81081
60.81081
60.81081
60.81081
60.81081
60.81081
60.81081
60.81081
60.81081
60.81081
59.45946
59.45946
60.81081
62.16216
63.51351
62.16216
63.51351
64.86486
66.21622
66.21622
66.21622
64.86486
63.51351
63.51351
63.51351
63.51351
63.51351
63.51351
62.16216
62.16216
62.16216
62.16216
60.81081
60.81081
59.45946
59.45946
58.10811
59.45946
59.45946
59.45946
60.81081
59.45946
60.81081
62.16216
63.51351
63.51351
63.51351
63.51351
63.51351
63.51351
64.86486
66.21622
66.21622
66.21622
66.21622
66.21622
67.56757
68.91892
68.91892
67.56757
66.21622
66.21622
66.21622
67.56757
67.56757
68.91892
70.27027
70.27027
71.62162
71.62162
71.62162
72.97297
74.32432
74.32432
75.67568
75.67568
75.67568
74.32432
74.32432
72.97297
72.97297
72.97297
72.97297
72.97297
72.97297
71.62162
70.27027
70.27027
70.27027
70.27027
70.27027
70.27027
70.27027
70.27027
68.91892
68.91892
70.27027
71.62162
71.62162
72.97297
74.32432
74.32432
75.67568
77.02703
77.02703
77.02703
78.37838
78.37838
78.37838
79.72973
79.72973
79.72973
78.37838
78.37838
78.37838
78.37838
77.02703
75.67568
74.32432
74.32432
74.32432
74.32432
74.32432
75.67568
75.67568
75.67568
75.67568
75.67568
75.67568
75.67568
75.67568
75.67568
75.67568
77.02703
75.67568
75.67568
77.02703
75.67568
75.67568
77.02703
77.02703
77.02703
77.02703
77.02703
77.02703
77.02703
77.02703
77.02703
77.02703
77.02703
77.02703
77.02703
77.02703
75.67568
75.67568
74.32432
75.67568
77.02703
78.37838
78.37838
78.37838
77.02703
75.67568
75.67568
75.67568
75.67568
74.32432
74.32432
74.32432
74.32432
74.32432
74.32432
72.97297
71.62162
71.62162
71.62162
70.27027
71.62162
71.62162
71.62162
71.62162
71.62162
71.62162
71.62162
71.62162
71.62162
70.27027
71.62162
72.97297
72.97297
74.32432
74.32432
74.32432
74.32432
74.32432
72.97297
72.97297
72.97297
71.62162
72.97297
74.32432
75.67568
77.02703
77.02703
77.02703
77.02703
78.37838
79.72973
81.08108
81.08108
82.43243
82.43243
83.78378
83.78378
85.13514
85.13514
86.48649
86.48649
85.13514
83.78378
83.78378
82.43243
81.08108
82.43243
82.43243
82.43243
82.43243
82.43243
83.78378
83.78378
85.13514
85.13514
85.13514
85.13514
86.48649
86.48649
87.83784
87.83784
87.83784
87.83784
87.83784
87.83784
87.83784
87.83784
87.83784
87.83784
87.83784
87.83784
87.83784
87.83784
87.83784
87.83784
87.83784
86.48649
85.13514
85.13514
85.13514
83.78378
82.43243
82.43243
82.43243
82.43243
82.43243
82.43243
82.43243
82.43243
82.43243
82.43243
82.43243
83.78378
85.13514
85.13514
85.13514
85.13514
85.13514
85.13514
85.13514
83.78378
83.78378
83.78378
82.43243
82.43243
81.08108
79.72973
78.37838
79.72973
79.72973
79.72973
79.72973
79.72973
78.37838
77.02703
77.02703
77.02703
77.02703
77.02703
75.67568
74.32432
74.32432
74.32432
74.32432
74.32432
74.32432
72.97297
72.97297
71.62162
70.27027
71.62162
70.27027
70.27027
70.27027
68.91892
67.56757
66.21622
64.86486
64.86486
64.86486
66.21622
66.21622
66.21622
66.21622
66.21622
66.21622
66.21622
66.21622
66.21622
67.56757
68.91892
68.91892
68.91892
68.91892
68.91892
68.91892
70.27027
70.27027
71.62162
70.27027
68.91892
68.91892
67.56757
66.21622
66.21622
64.86486
63.51351
63.51351
64.86486
63.51351
63.51351
64.86486
64.86486
64.86486
64.86486
64.86486
66.21622
67.56757
66.21622
66.21622
66.21622
66.21622
66.21622
66.21622
66.21622
67.56757
66.21622
66.21622
66.21622
66.21622
66.21622
67.56757
67.56757
68.91892
68.91892
68.91892
67.56757
68.91892
67.56757
67.56757
68.91892
67.56757
66.21622
66.21622
66.21622
66.21622
66.21622
66.21622
66.21622
66.21622
67.56757
68.91892
70.27027
70.27027
71.62162
72.97297
74.32432
74.32432
74.32432
72.97297
72.97297
71.62162
71.62162
71.62162
72.97297
74.32432
75.67568
77.02703
77.02703
77.02703
77.02703
77.02703
77.02703
78.37838
79.72973
81.08108
82.43243
83.78378
85.13514
86.48649
86.48649
86.48649
87.83784
87.83784
87.83784
87.83784
87.83784
87.83784
86.48649
86.48649
85.13514
83.78378
85.13514
83.78378
83.78378
83.78378
83.78378
83.78378
83.78378
83.78378
83.78378
83.78378
83.78378
82.43243
82.43243
82.43243
82.43243
82.43243
82.43243
81.08108
79.72973
78.37838
78.37838
77.02703
78.37838
78.37838
78.37838
77.02703
77.02703
77.02703
77.02703
77.02703
77.02703
77.02703
78.37838
78.37838
77.02703
77.02703
77.02703
77.02703
77.02703
75.67568
77.02703
77.02703
77.02703
77.02703
77.02703
75.67568
75.67568
74.32432
74.32432
74.32432
74.32432
74.32432
74.32432
74.32432
74.32432
74.32432
74.32432
75.67568
75.67568
75.67568
75.67568
77.02703
78.37838
78.37838
78.37838
79.72973
79.72973
78.37838
79.72973
79.72973
79.72973
79.72973
79.72973
79.72973
79.72973
79.72973
79.72973
79.72973
79.72973
81.08108
81.08108
79.72973
79.72973
81.08108
82.43243
83.78378
83.78378
83.78378
83.78378
85.13514
85.13514
86.48649
86.48649
86.48649
86.48649
86.48649
85.13514
85.13514
85.13514
86.48649
86.48649
86.48649
86.48649
86.48649
86.48649
86.48649
86.48649
86.48649
86.48649
86.48649
86.48649
86.48649
86.48649
86.48649
86.48649
86.48649
86.48649
86.48649
85.13514
85.13514
85.13514
86.48649
86.48649
86.48649
86.48649
86.48649
86.48649
86.48649
85.13514
85.13514
85.13514
85.13514
85.13514
85.13514
85.13514
85.13514
85.13514
83.78378
82.43243
82.43243
82.43243
82.43243
82.43243
82.43243
81.08108
81.08108
79.72973
81.08108
81.08108
82.43243
83.78378
85.13514
86.48649
87.83784
87.83784
89.18919
89.18919
90.54054
90.54054
90.54054
89.18919
89.18919
90.54054
90.54054
89.18919
89.18919
89.18919
89.18919
89.18919
89.18919
89.18919
90.54054
91.89189
90.54054
90.54054
91.89189
93.24324
93.24324
93.24324
91.89189
91.89189
90.54054
90.54054
90.54054
90.54054
89.18919
90.54054
90.54054
89.18919
89.18919
89.18919
89.18919
90.54054
90.54054
91.89189
91.89189
93.24324
94.59459
93.24324
91.89189
91.89189
93.24324
91.89189
90.54054
89.18919
89.18919
89.18919
89.18919
87.83784
89.18919
89.18919
87.83784
86.48649
85.13514
83.78378
82.43243
82.43243
82.43243
82.43243
82.43243
82.43243
81.08108
79.72973
78.37838
77.02703
75.67568
74.32432
72.97297
71.62162
70.27027
68.91892
68.91892
68.91892
68.91892
68.91892
68.91892
68.91892
68.91892
68.91892
70.27027
68.91892
68.91892
68.91892
68.91892
68.91892
68.91892
70.27027
68.91892
70.27027
70.27027
70.27027
70.27027
70.27027
68.91892
68.91892
68.91892
68.91892
68.91892
70.27027
70.27027
70.27027
70.27027
68.91892
67.56757
67.56757
67.56757
67.56757
66.21622
66.21622
66.21622
66.21622
66.21622
64.86486
64.86486
64.86486
64.86486
64.86486
66.21622
67.56757
67.56757
66.21622
64.86486
66.21622
66.21622
67.56757
67.56757
67.56757
67.56757
68.91892
70.27027
71.62162
71.62162
72.97297
72.97297
72.97297
72.97297
74.32432
72.97297
72.97297
72.97297
72.97297
71.62162
70.27027
70.27027
70.27027
70.27027
71.62162
71.62162
71.62162
71.62162
71.62162
72.97297
74.32432
74.32432
74.32432
74.32432
74.32432
75.67568
77.02703
75.67568
75.67568
77.02703
78.37838
78.37838
77.02703
75.67568
75.67568
77.02703
77.02703
75.67568
75.67568
75.67568
77.02703
77.02703
77.02703
77.02703
78.37838
79.72973
79.72973
78.37838
79.72973
81.08108
81.08108
81.08108
82.43243
82.43243
83.78378
83.78378
85.13514
85.13514
86.48649
87.83784
87.83784
87.83784
87.83784
87.83784
87.83784
87.83784
87.83784
89.18919
90.54054
89.18919
89.18919
90.54054
91.89189
93.24324
93.24324
93.24324
93.24324
93.24324
93.24324
93.24324
93.24324
93.24324
93.24324
93.24324
93.24324
94.59459
94.59459
95.94595
97.2973
97.2973
98.64865
98.64865
100.0
100.0
100.0
98.64865
98.64865
97.2973
95.94595
94.59459
93.24324
93.24324
93.24324
93.24324
91.89189
90.54054
90.54054
89.18919
89.18919
89.18919
87.83784
89.18919
90.54054
89.18919
89.18919
90.54054
90.54054
90.54054
90.54054
89.18919
87.83784
87.83784
87.83784
86.48649
85.13514
86.48649
86.48649
86.48649
87.83784
89.18919
89.18919
90.54054
90.54054
90.54054
89.18919
89.18919
89.18919
89.18919
90.54054
91.89189
90.54054
90.54054
89.18919
89.18919
87.83784
86.48649
86.48649
86.48649
85.13514
83.78378
85.13514
85.13514
85.13514
85.13514
86.48649
87.83784
89.18919
87.83784
87.83784
87.83784
87.83784
87.83784
87.83784
87.83784
87.83784
87.83784
87.83784
87.83784
87.83784
87.83784
87.83784
87.83784
87.83784
89.18919
89.18919
89.18919
89.18919
89.18919
89.18919
89.18919
90.54054
90.54054
90.54054
90.54054
91.89189
91.89189
91.89189
90.54054
91.89189
91.89189
93.24324
93.24324
94.59459
94.59459
93.24324
93.24324
91.89189
91.89189
90.54054
90.54054
89.18919
89.18919
89.18919
89.18919
89.18919
89.18919
89.18919
89.18919
89.18919
90.54054
90.54054
90.54054
90.54054
90.54054
91.89189
93.24324
93.24324
94.59459
94.59459
94.59459
94.59459
94.59459
94.59459
94.59459
94.59459
93.24324
91.89189
91.89189
91.89189
91.89189
90.54054
90.54054
89.18919
89.18919
89.18919
89.18919
87.83784
87.83784
87.83784
87.83784
86.48649
86.48649
86.48649
86.48649
86.48649
87.83784
87.83784
87.83784
87.83784
87.83784
87.83784
86.48649
87.83784
87.83784
86.48649
86.48649
85.13514
85.13514
85.13514
83.78378
82.43243
82.43243
82.43243
82.43243
82.43243
81.08108
79.72973
79.72973
79.72973
78.37838
78.37838
77.02703
77.02703
77.02703
77.02703
77.02703
78.37838
78.37838
79.72973
79.72973
78.37838
78.37838
78.37838
78.37838
77.02703
75.67568
75.67568
75.67568
75.67568
75.67568
75.67568
75.67568
74.32432
75.67568
74.32432
74.32432
72.97297
74.32432
72.97297
71.62162
71.62162
71.62162
72.97297
72.97297
72.97297
72.97297
72.97297
71.62162
70.27027
70.27027
70.27027
68.91892
67.56757
67.56757
67.56757
68.91892
70.27027
70.27027
71.62162
71.62162
71.62162
71.62162
71.62162
71.62162
71.62162
70.27027
70.27027
68.91892
67.56757
67.56757
66.21622
66.21622
64.86486
66.21622
67.56757
67.56757
68.91892
70.27027
70.27027
70.27027
70.27027
68.91892
68.91892
67.56757
68.91892
70.27027
70.27027
70.27027
71.62162
72.97297
72.97297
71.62162
70.27027
70.27027
70.27027
68.91892
68.91892
68.91892
70.27027
70.27027
70.27027
70.27027
70.27027
70.27027
70.27027
68.91892
68.91892
68.91892
67.56757
66.21622
66.21622
64.86486
64.86486
64.86486
64.86486
63.51351
63.51351
64.86486
64.86486
64.86486
64.86486
64.86486
64.86486
66.21622
66.21622
66.21622
67.56757
67.56757
68.91892
70.27027
70.27027
71.62162
71.62162
71.62162
70.27027
70.27027
68.91892
70.27027
70.27027
71.62162
71.62162
71.62162
71.62162
71.62162
71.62162
71.62162
71.62162
71.62162
71.62162
71.62162
71.62162
71.62162
71.62162
71.62162
72.97297
72.97297
72.97297
72.97297
72.97297
72.97297
71.62162
71.62162
71.62162
71.62162
71.62162
71.62162
71.62162
71.62162
70.27027
70.27027
70.27027
71.62162
71.62162
71.62162
71.62162
71.62162
71.62162
71.62162
71.62162
71.62162
71.62162
71.62162
71.62162
71.62162
71.62162
71.62162
70.27027
71.62162
71.62162
70.27027
70.27027
70.27027
71.62162
71.62162
71.62162
71.62162
71.62162
70.27027
70.27027
71.62162
72.97297
72.97297
74.32432
74.32432
74.32432
75.67568
75.67568
75.67568
77.02703
77.02703
78.37838
78.37838
78.37838
78.37838
79.72973
79.72973
81.08108
79.72973
79.72973
79.72973
79.72973
79.72973
79.72973
79.72973
78.37838
77.02703
77.02703
77.02703
77.02703
77.02703
77.02703
77.02703
75.67568
74.32432
74.32432
74.32432
74.32432
74.32432
74.32432
74.32432
74.32432
74.32432
75.67568
77.02703
77.02703
77.02703
78.37838
79.72973
78.37838
78.37838
77.02703
77.02703
78.37838
78.37838
79.72973
78.37838
77.02703
77.02703
75.67568
74.32432
74.32432
74.32432
74.32432
74.32432
75.67568
77.02703
77.02703
77.02703
75.67568
74.32432
75.67568
75.67568
75.67568
75.67568
75.67568
75.67568
77.02703
77.02703
77.02703
78.37838
78.37838
78.37838
78.37838
78.37838
79.72973
79.72973
81.08108
81.08108
81.08108
82.43243
83.78378
83.78378
83.78378
82.43243
82.43243
82.43243
81.08108
81.08108
79.72973
81.08108
81.08108
82.43243
82.43243
82.43243
82.43243
82.43243
82.43243
82.43243
82.43243
82.43243
82.43243
82.43243
82.43243
81.08108
79.72973
79.72973
78.37838
77.02703
77.02703
77.02703
77.02703
77.02703
77.02703
77.02703
77.02703
75.67568
77.02703
78.37838
77.02703
75.67568
75.67568
75.67568
75.67568
75.67568
75.67568
75.67568
75.67568
77.02703
75.67568
75.67568
75.67568
75.67568
75.67568
75.67568
75.67568
75.67568
75.67568
75.67568
75.67568
75.67568
77.02703
78.37838
78.37838
78.37838
79.72973
81.08108
81.08108
79.72973
78.37838
77.02703
78.37838
78.37838
78.37838
77.02703
77.02703
77.02703
75.67568
75.67568
74.32432
72.97297
71.62162
70.27027
70.27027
70.27027
70.27027
68.91892
68.91892
68.91892
68.91892
67.56757
67.56757
67.56757
67.56757
67.56757
67.56757
67.56757
68.91892
70.27027
71.62162
72.97297
74.32432
74.32432
75.67568
74.32432
72.97297
74.32432
74.32432
74.32432
74.32432
74.32432
74.32432
74.32432
74.32432
74.32432
72.97297
72.97297
72.97297
72.97297
72.97297
72.97297
71.62162
70.27027
68.91892
68.91892
68.91892
68.91892
68.91892
68.91892
68.91892
70.27027
70.27027
70.27027
70.27027
71.62162
71.62162
71.62162
72.97297
72.97297
74.32432
74.32432
75.67568
77.02703
77.02703
77.02703
75.67568
74.32432
74.32432
75.67568
75.67568
75.67568
74.32432
74.32432
72.97297
72.97297
72.97297
71.62162
71.62162
72.97297
71.62162
71.62162
70.27027
70.27027
70.27027
70.27027
68.91892
68.91892
67.56757
67.56757
67.56757
67.56757
67.56757
67.56757
67.56757
68.91892
68.91892
68.91892
68.91892
68.91892
68.91892
68.91892
68.91892
68.91892
68.91892
70.27027
70.27027
71.62162
72.97297
72.97297
74.32432
74.32432
74.32432
74.32432
72.97297
71.62162
71.62162
71.62162
70.27027
68.91892
68.91892
68.91892
70.27027
70.27027
68.91892
68.91892
68.91892
70.27027
71.62162
71.62162
72.97297
74.32432
74.32432
74.32432
74.32432
75.67568
75.67568
74.32432
74.32432
74.32432
74.32432
74.32432
72.97297
72.97297
72.97297
71.62162
71.62162
71.62162
70.27027
68.91892
68.91892
67.56757
67.56757
67.56757
67.56757
68.91892
67.56757
67.56757
67.56757
67.56757
67.56757
66.21622
64.86486
64.86486
64.86486
66.21622
67.56757
67.56757
68.91892
70.27027
70.27027
70.27027
71.62162
70.27027
71.62162
71.62162
71.62162
71.62162
71.62162
71.62162
71.62162
71.62162
71.62162
71.62162
71.62162
71.62162
71.62162
71.62162
71.62162
71.62162
71.62162
71.62162
71.62162
71.62162
71.62162
71.62162
70.27027
70.27027
68.91892
67.56757
67.56757
67.56757
68.91892
70.27027
70.27027
70.27027
70.27027
70.27027
70.27027
68.91892
68.91892
68.91892
68.91892
68.91892
68.91892
70.27027
70.27027
70.27027
71.62162
71.62162
71.62162
71.62162
71.62162
71.62162
71.62162
71.62162
70.27027
68.91892
68.91892
68.91892
68.91892
68.91892
67.56757
67.56757
67.56757
67.56757
67.56757
67.56757
67.56757
68.91892
68.91892
68.91892
68.91892
68.91892
68.91892
68.91892
68.91892
68.91892
68.91892
67.56757
67.56757
68.91892
70.27027
71.62162
72.97297
74.32432
74.32432
74.32432
74.32432
72.97297
72.97297
71.62162
70.27027
70.27027
68.91892
70.27027
70.27027
70.27027
71.62162
71.62162
71.62162
72.97297
74.32432
74.32432
74.32432
74.32432
74.32432
74.32432
74.32432
74.32432
74.32432
74.32432
74.32432
74.32432
74.32432
74.32432
75.67568
75.67568
75.67568
77.02703
77.02703
75.67568
75.67568
77.02703
77.02703
75.67568
77.02703
77.02703
75.67568
74.32432
74.32432
74.32432
74.32432
72.97297
72.97297
74.32432
74.32432
74.32432
74.32432
72.97297
72.97297
71.62162
71.62162
71.62162
71.62162
71.62162
71.62162
71.62162
72.97297
72.97297
74.32432
74.32432
75.67568
75.67568
75.67568
75.67568
75.67568
75.67568
75.67568
77.02703
75.67568
75.67568
75.67568
75.67568
75.67568
74.32432
74.32432
74.32432
74.32432
75.67568
75.67568
77.02703
78.37838
78.37838
79.72973
78.37838
78.37838
77.02703
75.67568
75.67568
74.32432
74.32432
74.32432
74.32432
74.32432
74.32432
74.32432
74.32432
74.32432
75.67568
77.02703
77.02703
75.67568
75.67568
75.67568
75.67568
74.32432
72.97297
71.62162
71.62162
71.62162
71.62162
72.97297
74.32432
74.32432
72.97297
71.62162
71.62162
71.62162
71.62162
71.62162
71.62162
71.62162
72.97297
72.97297
72.97297
72.97297
72.97297
72.97297
72.97297
72.97297
72.97297
72.97297
72.97297
71.62162
71.62162
71.62162
71.62162
70.27027
70.27027
70.27027
70.27027
70.27027
70.27027
70.27027
68.91892
67.56757
66.21622
64.86486
63.51351
64.86486
64.86486
64.86486
66.21622
66.21622
67.56757
68.91892
68.91892
68.91892
68.91892
68.91892
68.91892
68.91892
68.91892
68.91892
68.91892
68.91892
68.91892
68.91892
68.91892
68.91892
68.91892
68.91892
68.91892
68.91892
68.91892
68.91892
68.91892
68.91892
70.27027
71.62162
71.62162
70.27027
68.91892
68.91892
68.91892
68.91892
68.91892
68.91892
70.27027
70.27027
71.62162
72.97297
74.32432
74.32432
72.97297
72.97297
72.97297
71.62162
71.62162
71.62162
71.62162
70.27027
70.27027
71.62162
71.62162
71.62162
71.62162
72.97297
72.97297
74.32432
74.32432
74.32432
74.32432
75.67568
75.67568
75.67568
75.67568
75.67568
74.32432
74.32432
75.67568
77.02703
78.37838
78.37838
78.37838
78.37838
79.72973
81.08108
82.43243
83.78378
82.43243
81.08108
79.72973
78.37838
77.02703
77.02703
77.02703
75.67568
75.67568
74.32432
75.67568
75.67568
75.67568
75.67568
74.32432
74.32432
72.97297
71.62162
71.62162
71.62162
70.27027
68.91892
68.91892
70.27027
70.27027
70.27027
70.27027
70.27027
70.27027
70.27027
70.27027
70.27027
71.62162
72.97297
72.97297
71.62162
71.62162
71.62162
70.27027
70.27027
70.27027
70.27027
70.27027
71.62162
72.97297
71.62162
71.62162
71.62162
71.62162
70.27027
70.27027
68.91892
68.91892
67.56757
66.21622
66.21622
66.21622
66.21622
66.21622
66.21622
66.21622
66.21622
66.21622
67.56757
67.56757
68.91892
68.91892
67.56757
66.21622
64.86486
64.86486
63.51351
63.51351
63.51351
64.86486
64.86486
64.86486
64.86486
63.51351
63.51351
64.86486
66.21622
66.21622
67.56757
67.56757
67.56757
67.56757
67.56757
66.21622
67.56757
66.21622
66.21622
66.21622
64.86486
64.86486
64.86486
64.86486
64.86486
64.86486
64.86486
64.86486
64.86486
64.86486
64.86486
66.21622
66.21622
66.21622
66.21622
64.86486
63.51351
63.51351
63.51351
64.86486
64.86486
66.21622
66.21622
66.21622
66.21622
66.21622
64.86486
63.51351
62.16216
60.81081
60.81081
60.81081
62.16216
62.16216
62.16216
63.51351
64.86486
66.21622
66.21622
64.86486
64.86486
64.86486
64.86486
64.86486
66.21622
66.21622
66.21622
66.21622
66.21622
66.21622
66.21622
66.21622
67.56757
68.91892
68.91892
68.91892
68.91892
68.91892
68.91892
70.27027
70.27027
70.27027
70.27027
70.27027
70.27027
70.27027
68.91892
67.56757
66.21622
64.86486
64.86486
63.51351
63.51351
64.86486
64.86486
66.21622
67.56757
67.56757
68.91892
68.91892
68.91892
68.91892
68.91892
68.91892
68.91892
68.91892
68.91892
70.27027
70.27027
70.27027
70.27027
70.27027
71.62162
72.97297
74.32432
74.32432
74.32432
74.32432
74.32432
74.32432
74.32432
74.32432
74.32432
74.32432
74.32432
72.97297
72.97297
72.97297
72.97297
71.62162
72.97297
72.97297
74.32432
75.67568
77.02703
77.02703
77.02703
77.02703
77.02703
75.67568
74.32432
74.32432
74.32432
74.32432
74.32432
74.32432
72.97297
72.97297
72.97297
72.97297
71.62162
72.97297
72.97297
72.97297
72.97297
72.97297
72.97297
72.97297
71.62162
70.27027
70.27027
70.27027
70.27027
68.91892
67.56757
67.56757
67.56757
67.56757
67.56757
67.56757
67.56757
68.91892
70.27027
70.27027
71.62162
72.97297
72.97297
71.62162
72.97297
74.32432
74.32432
74.32432
74.32432
74.32432
74.32432
74.32432
75.67568
77.02703
77.02703
77.02703
75.67568
75.67568
75.67568
75.67568
75.67568
75.67568
77.02703
78.37838
78.37838
77.02703
75.67568
75.67568
77.02703
78.37838
78.37838
78.37838
78.37838
78.37838
79.72973
79.72973
79.72973
78.37838
79.72973
81.08108
82.43243
83.78378
85.13514
85.13514
86.48649
87.83784
87.83784
87.83784
87.83784
89.18919
90.54054
90.54054
91.89189
93.24324
94.59459
95.94595
94.59459
95.94595
95.94595
97.2973
